-14.4021135741492	-10.5873676002793	13.2265622784276
-3.17446339759659	14.0620293807601	54.7782855800685
-5.79255813421300	18.1534711115801	54.7197067297693
-3.80257591284115	-24.3603812693094	44.6754470270303
20.6952918625124	-18.2415863324570	18.3563831010578
-23.9748619830130	-38.3768606947608	58.3885494522485
30.7467432385273	-0.551431880438694	51.1427357120868
38.6318439501239	13.6819784345269	32.0881028312559
13.4802925768350	-8.46922500529077	67.4081270509416
19.0876986129026	-22.5751999737043	33.4823851363692
8.54784304985768	15.9170513285101	52.3587476470620
31.4422021876225	11.0286625877888	35.3079058339966
-30.0021059829517	-23.6032482343221	82.3848512119778
-35.6482357603817	-17.1419485488999	42.8449756674604
27.3654410212434	19.6185899211567	42.3936885935887
-10.4588257049385	16.3817845709976	51.3406211989075
-29.5662229553651	-31.9241881953281	78.3389012344969
-12.5486873924518	-25.5778931113941	69.6515010127790
-24.4815853166004	-5.57888324054023	66.6689557414096
39.2565750248884	6.81033826781450	30.8079297907708
33.5586157041165	7.26672403732801	43.7479801068935
14.8164181657988	-5.47620694318985	68.7946872195221
30.9398909437342	-9.80248730581211	47.7571416189518
-12.9047660610280	-17.9681992338092	20.2709490750833
-19.4315970325654	-11.4621546903025	28.4214389933462
-6.08240189487045	-21.5640329015254	34.5109799089814
-9.90015826959755	-14.1622537938755	88.0549684375414
-7.22762944794621	-23.5892058012135	30.9960168594007
8.53372409693163	-18.5471283989803	56.4788139576982
-2.12308498726727	-15.0264314726202	14.2846226636266
-25.0892578818247	6.58847048173953	45.6240360750955
-18.8134323105978	-34.7770245473926	66.9456781908629
-32.0322928386340	-25.0521744717312	49.2501928514811
-29.1749986199173	3.72787827104997	47.8639772451708
9.40868699446344	23.6725876025998	40.3836360130387
-27.4663654143870	-9.96660412612173	17.3253565567115
11.3433641187545	-17.7580380190129	61.1816779250641
-33.4677473552584	-29.0390320066689	74.7484449541354
32.2456015840030	-2.16634305457645	27.3361332219526
28.9203795019688	13.8676409168715	37.5342176511646
-28.6307589656506	-7.19611997365929	89.9511828842478
-20.7521668287294	-36.0309167001728	73.1279821624220
20.0625420143970	-21.0678778027127	31.1667359977374
-7.53835697040295	-21.4165481318599	61.1664583486867
-34.4844423175693	-26.1016818997080	80.0251757862480
23.6235155022959	-20.0731200871653	29.3456179637115
-6.79940214949959	-15.5645761894627	63.4619216224738
29.0205178761297	15.7803040118974	44.6182456278531
-6.59205148489410	-10.1357410854306	83.4721396609208
-37.7818748980039	-20.3588544227527	65.3888584482328
-14.0160848148834	9.09717224393319	26.2479712073161
-9.63533330032941	19.4919194106046	37.0011713887643
-7.79505995774517	-24.1280341977056	48.4222840086770
38.4085611467048	2.36873223501180	29.1914568187703
21.5689437971927	-9.24397416263735	14.6262566121816
-38.2537833512390	-13.4617599308487	40.2744445705678
-37.1849948988360	-9.13356415220814	56.3538583285069
-10.0536936632692	-8.52449866221549	66.6044343643440
7.65659595068408	25.5128069349367	20.4690015825621
-13.8574689295661	-4.33930312343435	68.8887221851042
-8.14000187855824	-25.3703125272404	43.2434514400444
5.03692652220949	3.21469703156372	68.0377442085794
-11.3025748642551	17.5421320775813	29.1222394510352
13.5775297988713	-20.9899428273349	60.2974828114860
-31.3511386951383	-3.64227731298150	80.0235726263645
-3.74192509223853	-19.9363650760928	35.1620231459316
-5.23427234033326	22.4612790914885	21.6815597962434
-12.6152367829141	15.3511614570474	37.9888014905996
18.2616534766266	-1.24109954836411	13.3464370004728
17.2446445173494	-20.8222753955677	50.1242996672538
-26.8640136098879	5.16162515551878	41.6558618331151
-15.9445019905204	11.2795449060991	36.7614192244484
-5.84288677112223	-22.8729731396482	40.0477670361897
12.4357306065866	7.45205304055623	65.3409573960012
12.4685906033789	20.6747450772475	50.4948576960758
39.5132012797000	11.8113402739081	32.4122087761829
-32.7105590587077	-26.6170698626929	69.8975570780958
-4.98425616615150	5.38890876143582	63.0034760293362
-15.2054507040463	-11.8814932918944	75.3606699925482
18.8987556164305	21.7388600558995	46.5826464450648
-21.6352424998325	-26.5248708761245	80.2467528945032
18.2806902329409	12.1674954240590	60.1926627457604
-8.49668085522911	-3.37953521888141	85.2379282781464
-28.4380169450587	-15.2019663173401	84.2571166667435
30.7696772483380	-3.22927859968550	17.0624356107405
12.9741613119586	2.41880041454773	67.9133142634383
-10.2739772195211	15.2871725433255	51.7060049249559
24.8742821776099	-17.6723766952102	40.8865010697578
-36.4930677599821	-14.4550929906768	65.9739079402728
-23.1510215263109	5.79223571658323	18.3735711890197
-22.8416432608082	1.05160516566052	28.2473342409436
-35.6119537476570	-18.6908067849195	42.8006089055176
31.0266053310332	9.81221920504621	15.9286749550615
-31.2772592630046	-13.3377261446197	80.2766544391057
6.23529306965823	-23.5200689832216	28.1558158265005
-31.2391692406087	-4.15572449768968	58.6309219073748
-23.2407889760778	-15.6232857424192	31.5864867783586
-17.6738712392376	-20.1390786850779	29.8436606189413
16.0448693795970	23.0798686396501	39.4766805668698
-37.8573657765989	-11.3520874868302	43.6358615129391
-29.4972706333084	-6.06518070608644	71.5242358071296
1.83957306186395	6.71320164174318	100.081499111440
30.8597730212306	19.2492041403039	28.5818812273955
2.27259340848357	-21.8003004440565	16.0055567163773
-34.7744312075321	-7.52535371947392	63.2969688441390
-37.3399654781639	-6.56007208465359	41.1601268096385
-18.8732090723452	-35.0412144655958	69.4028141199512
-30.9668057146502	-28.8222854339863	78.2195787372005
3.79634343959274	2.00927902485912	92.4765969160141
9.93617698555148	24.0730616694553	24.3602888404254
-16.7913544825887	-34.3270259577397	76.1937850257207
-22.6384122290595	6.79737384249261	34.3546789713193
-15.9855929487000	-36.9189732606643	58.8034448014117
27.5418029012774	-16.3790880015034	40.0483272555483
0.503191722134285	-22.3448876806132	56.9730529922303
-1.55123891915692	6.99618013093410	61.2873140624703
-28.7645799695544	-16.9396604488788	82.2166077373151
-4.37361920464138	-15.6808850622989	22.4960569698229
-25.6288357378132	-19.2662172085811	19.5728213930885
-38.5775512255715	-8.87055228146198	48.8546675848737
-34.1316452270748	-15.0365924794416	70.5050559395860
-28.0319916280722	-22.7430605659932	80.1329027170580
-28.0092998250898	15.9093780432233	100.869913084967
-34.9457701882661	-24.8310580862285	67.3968668627442
-10.1351046990296	-2.46447863441780	15.5107174713555
-22.4719661515070	-39.1763835042676	70.8761621056036
3.17967017761803	24.7073427627396	21.2455076343059
-5.99742822966868	23.1571170050396	32.3235678027399
-7.74616470068702	-0.0594839518537835	17.3391168709783
1.15981455693049	-22.3682476780739	18.5827490199247
-7.43403198778678	21.9797047178241	24.0812040148382
-24.9095374264471	-34.7965523184840	52.3754655887579
-20.9498013121554	-10.8722099655853	79.8613673193019
4.36334893061088	6.15817310272771	90.0346876314189
-19.3589945687148	-7.13193070047322	67.0400444042333
36.4245124437903	12.9373406123711	22.7949708493474
21.6604971667925	4.01280859230402	63.5870713818796
-25.1663471078748	-17.5285698373299	14.3907454218086
1.30264238705006	-2.47494321617248	84.7537785842792
-5.30101556712142	-1.84548762831031	90.5299528858791
34.8755306014530	-1.36015020328687	46.5385449193761
-28.6341731169532	-8.87496840486823	92.2527011649646
-12.8999286166282	-25.6080471191094	73.6016004643682
-31.5294727719060	-13.2656613749382	83.4951537372610
-29.8538800958969	-1.91736428666379	36.5442856346938
-4.97533250886242	-6.47489842687908	63.6661425516674
27.4285360986757	-11.0067657534306	30.1207474848248
10.1900210220169	-22.1866290364701	51.0051586115393
-14.3636466689038	-30.2584189070434	78.6920396357073
22.8886138133287	-11.2623287666751	16.1019915759333
-35.3860821392009	-9.51620761603913	34.9334953453260
-18.8710680904370	-26.5772221541892	56.1297331785570
-12.5302268640421	19.0800344652969	23.2448140898881
-27.4862187408361	4.97861116042729	50.8473919476005
-8.89712712198976	-25.6656240632919	39.5157534590304
-27.6315735253625	-28.3979586548262	38.9713529234984
33.3063775240126	-3.07128503313574	44.6413332097210
-34.5449560339725	-23.3389060593306	57.3544001972283
15.8487384510747	-26.6988184939885	41.8010456294548
23.3669399587475	-14.3542938272782	24.8762729475546
-18.6698724002026	-28.0564326468117	39.4575527301083
24.3990977761179	11.0147345556473	14.7347822984714
-34.8354493371770	-10.2176363713553	63.5255032772609
-35.2922013163436	-18.9801640873043	48.7339332383552
-23.8855491251282	3.63044699480066	24.2767517653351
4.75651485453702	25.5147255769446	32.3120889406387
-30.1504793490218	-8.97633972071969	61.5609371690255
-34.2533765324635	-20.9559260640674	36.4231970933097
-6.21842806689270	-6.91905117411294	82.6821475935938
-33.5126389951220	-15.4932974529773	39.5076541427482
23.7266040422882	-23.8485313343108	38.5661926601476
-31.5965332647466	-0.261266394220629	82.8245323437878
-0.0980699683624664	-19.9356619098520	18.3070967657806
-25.4179865152524	5.77823351067038	53.6048705811307
-23.9565085859037	8.25797210522076	18.4300238819172
-26.6334739817175	-1.54414655944395	82.5872503312927
5.35810671889088	-27.4270377091986	32.3089229250619
-26.6237169509523	-15.3515466437798	29.9858888090637
-31.1721967790833	-12.4553236732818	81.0666801786439
-23.3470356288925	0.245155236304385	29.8778545849584
13.1865027563718	27.1137046327397	30.0748155129338
-13.4416407932200	16.8784105572133	49.2173171120385
-8.25262006895877	24.1446957048505	38.0030094199958
6.05094899376267	7.81697720810107	96.0196092978073
16.0298548674150	6.89294449118025	65.4658757770123
-31.4501480520453	-22.9624948815247	39.7785406922275
-15.2054954175348	-30.9683945864759	64.1447128546404
-25.2913206075070	7.61357738667403	48.1871973938988
27.3004422305551	13.2879831034273	29.8867264213967
-16.2522684647876	7.61193927760522	46.8382647976016
-3.42016869317340	23.1778651413571	28.7233969756900
11.4744887407254	22.6349141135687	51.2739243586097
-30.9595083069281	-37.2322732069417	72.3034417277428
5.12691412608985	19.0457521743839	17.8944489021087
-25.5347797102682	7.37895457431508	96.3911031225206
-2.57891690890688	23.6812925528904	49.0959322491834
40.2335419737435	7.99596608242566	22.7757543240576
-34.4041259523304	-0.108129764224588	49.6681586071487
-28.8713137164038	5.87534316303855	97.7971778381535
7.79216061623655	-8.33325122768131	11.8820934503702
13.7984376599996	-23.7974243772016	23.6570536950593
-17.0856749200512	7.61316311117217	54.7623080378483
5.73153736701640	-18.5552458076086	60.4331301611938
-32.1908072992803	-1.06907376544374	51.8842996590229
-16.9303854469430	18.5379418969146	21.9460620688424
35.8982005938173	5.48435567203445	34.4447959475354
4.73432571376749	21.7429883169486	48.6823157384647
-17.9200111271385	-22.5448827252961	16.2409222712424
-1.72663380586967	24.4896871070615	35.4838283955448
-4.92875710782086	-10.2811888402013	86.5484730177626
28.1671021583209	2.06797700332133	13.4946992060837
-6.11248867342183	10.8805227478594	52.7284463706541
-30.2301921798984	-30.8271777865294	71.1416980944800
27.8626297704252	8.04178432233168	56.9379870287339
-18.1127815110578	-4.32521485024229	16.7746897230191
-17.0760448758866	16.5347378918644	26.0567893928839
-6.31088963721927	24.4498235159148	41.9212084649958
-30.1359098273742	-37.1679194645031	56.4311619530100
-21.4598488186940	3.16587373634236	29.2915984913751
-34.4318822615905	-11.0750764454327	74.3407956287447
17.6641270736545	17.4466240515200	21.9278938347370
-14.6514944275073	-27.1515174206965	55.1826322982649
0.704139201522597	1.35886066270485	63.8556790856253
-27.0544968776679	-1.69872392171388	82.5599220781673
-33.2517101302492	-2.44346744528384	55.7729173057162
11.4721595150683	-25.9279547028617	41.7890539179456
17.6745917244381	14.3299344476986	59.2472517234168
-38.7231016096870	-19.4528042018508	45.3468947727102
22.5962573362873	-17.0154350559180	53.3138526224279
-38.0617462742273	-18.6511508417824	62.9957269641189
38.5563036264839	1.56066052923760	20.8289322528791
-36.5140191810149	5.41036946208287	102.228746495336
-3.05509042609652	-0.268456253643297	90.7690735489394
-22.5956558370833	-14.4557204797500	79.0675801327287
-30.1106370979209	-8.33931711904273	77.2452567811142
-26.3192560642763	-3.95209847180372	89.2447260445049
-21.2097295364014	-9.47407138108974	76.0955855280045
-11.1008915763882	-24.8435873384462	57.3000152323618
4.31747642170999	-27.7255526919654	38.8376442429602
4.46999158745176	-18.6450210192766	13.9773568381690
18.5699938472904	-1.91450328459752	65.8570139441890
-17.2295567913371	-28.1444493966448	46.9233544933334
-12.6122580783810	22.7203723368092	21.8349115196976
12.2047125423178	-22.0272714294907	20.2613236425903
0.778629806900166	-3.27577732580170	97.8726224180448
34.3460834233063	8.27098215784408	39.7673457622152
-27.2605121199532	1.28379779046372	54.7759924831900
32.3765546178778	12.3891390947285	31.0870466357462
-25.1787089929423	-20.9900173463450	30.0682133651134
-26.3449546950161	0.965245664501209	32.1675463341179
-34.3117335113480	-27.7790215046157	58.4883415209140
-13.8671813900348	-17.8317754047531	80.2491015909910
6.23882660486650	-14.5800776439347	62.7878975584545
-34.5022014210756	-18.9118433967462	72.6383621516583
22.3811386970633	-13.6856479334924	22.3585910129450
-29.3037852036585	-6.62409528408971	22.6873084993262
11.5952135742861	13.7356877903892	18.4302055286423
34.3076649556662	18.9353670174810	26.8473160770763
-4.98408290879422	-18.3433987807064	19.9258664640523
31.4640152904655	-5.61074953511138	35.8459767099245
-24.3591490963478	-37.1527683251685	55.3586876603429
-12.2855706334803	-10.5112944183571	88.8675511343968
10.8835459897116	0.0855405244874365	66.0932312934304
18.6648725277753	-23.9569399417100	43.1524884181850
-16.0445198765998	-8.16648257223864	68.9960377555484
-12.3881068004973	-29.5115736467684	75.5510577775774
-12.9322472988999	6.78861514027329	61.8256429440548
-23.8024768382609	-8.28031407584184	17.6088503021491
-10.9799233880599	-20.1185757843767	21.3695015027327
30.7068723698200	13.8509257306312	32.4190975301081
-9.38360373537827	23.5946335471402	34.6714983023088
-33.0888678537645	10.2891897405961	101.719002813964
-28.8150608874694	-5.53380775194063	21.1283800247873
-5.80057179380193	-10.1952608990574	92.9952866902000
9.60259621809338	25.8284564532263	35.6043460028677
-23.7347819880981	-10.5865408155720	81.1077544386507
-25.3968196615439	-5.44163214313838	88.5739862122650
-10.3479065407711	-20.4815008428647	31.4137006546731
-15.5812349029898	16.9807118759436	42.4708550362335
-26.6521267395939	13.0574205832663	97.3616058190012
-32.5713158864022	9.50257158929149	105.669529950500
-5.99524472412521	-19.0719810306717	63.3596475788209
33.2713350508690	4.48993831903057	35.4082972894216
-30.3892380312010	-8.62774568403239	70.9975690751096
16.6507385081473	12.5387380344861	16.2267210197965
-33.1371814062406	-0.584023571699861	20.8924508868137
-36.7793824551595	-22.7816299116166	53.2171723115372
-28.3814515909504	12.6264763464457	94.4923223616688
4.86040503593616	5.78439849744189	65.8233604651260
15.6856368182699	-18.5212001645478	18.2133311343636
-4.95626728377376	-0.836808456296447	96.8582503177866
-1.27277934225494	11.1668570702635	56.3988572945438
-21.9271853936525	-33.8637527699837	77.1006302106074
14.7143908012899	21.7597143637757	22.7181944761915
-19.2919870064173	-11.9570713175391	74.1722226559293
-16.8778727377013	-30.3995960888770	72.2001309439781
-6.20028717188928	-15.4270041470457	22.0363183314148
-26.0088013793977	-3.68116739182920	33.0122187800667
-15.3849385599600	18.1900753425375	20.4262392173811
-7.78489282222959	-11.5438205836596	76.8359402669671
-11.3887228146174	21.3938813168928	40.2332940001478
2.59367821858272	2.71199802635518	96.2624906258359
2.80368090699877	2.45130151832779	90.4098269381565
4.93839329787205	0.660293175299255	14.4589288542248
11.2324849601671	-27.1685247693239	32.2508471467110
-5.53122795864534	22.7868277577721	19.4254312380423
-31.4911212156354	-6.88246813800292	37.3919759145628
5.84951217008630	-18.7680914622087	16.3628855980250
28.3072249635852	19.3554005730890	27.4459437768424
-24.9013339969793	-36.8563676370749	72.3204802140590
-25.7047102732435	-28.1828115767737	49.8823859967159
-16.6465854228587	-8.45882049072697	74.7180224828148
-24.4375163029082	3.71456386053316	59.9717243417217
-18.1707116954366	-12.2731636234608	81.5854366589980
12.2801902924518	15.8749008503492	58.1650330862049
-5.39507158726839	-17.9951747635004	13.4330465486603
-6.28945943162338	-10.3287660164069	94.3250078590540
-18.8140292753525	2.68146105127824	63.5035230529217
-16.2038092714110	-21.1594920494475	14.1871747831591
-11.1015804956443	-18.5402864468798	61.7074538185889
-28.6890912086750	-6.97100705873049	62.2531323013266
-30.8232380415244	2.73004564589100	23.0566894969759
-1.01312136500649	-15.9168864862998	14.3003552281198
-15.5432498638642	5.84801928881997	54.7463430343589
-24.7580381150771	5.12438247417280	48.5969314726955
30.1090268194754	-14.3518984319316	45.7487700846260
-21.8672010906054	7.50489034632235	54.5257275425409
2.77564416145864	20.4749347074275	48.2211813819038
13.7416757487084	11.7056511006928	59.7614597786394
-24.2305820289598	-10.5180843057741	77.1670615062128
-17.9554389035634	-34.3514663792579	75.0027628244342
-18.0939221313462	-28.7694782383701	67.5654083830102
-18.5093881147682	-7.40638363505104	22.2579972418591
-31.1524995687446	-30.8314852164720	56.1064474440280
17.5465102892909	13.6166277383731	56.7237157537493
1.42546800893466	-2.70483468850589	98.4430354871253
32.1950069845738	4.51908127032453	51.7756981842076
20.3060863879465	18.2941228208758	40.8502735083112
-34.8763276449592	-21.6051295051175	44.0330389322820
20.5354354145001	-15.8069896407932	50.9096260814157
-17.9432826633623	-33.5176692033873	55.0067499639905
-30.0449430015670	9.98848829039925	86.1547326312272
3.53293523233966	22.8980914124931	24.3400231040086
2.64376637867394	1.93202738936930	90.1059578537511
-16.2162033258523	-19.7229983683891	80.4091970204634
8.17399464394962	-4.31294462515067	69.1997136537455
-1.68830087339762	0.203914391851304	96.7388404235221
1.79440428293380	-21.8557400413847	26.4203136014978
-5.23420653157708	-6.54626986396763	81.0940297866194
-30.9782527636749	-34.5484941673370	74.1604010083096
-24.4683396118118	-15.8346530372296	84.0094515515256
-30.9634482127284	12.2042764301280	87.7015097475542
2.97651133945205	25.4314739096465	34.7516103804565
-21.7786062251450	-8.19837118615985	84.0364374793639
15.9370648786965	17.0716665891777	17.9740106454568
29.4365930787992	1.09865049095259	59.6404058211556
-21.0491431679466	-27.1660780452088	53.9345999757870
7.84802304888302	11.8482072906669	63.5612463469298
-18.4844529950991	-36.3770054754710	53.6888295351443
16.6793194506380	-19.6988355931856	22.1767567402817
30.8876683304463	10.1480221780533	34.9621346895915
-15.2873853316283	-32.4503300457774	71.0133043125382
-4.35158475421292	-26.7750497685758	43.6362909439469
-8.32166089316028	-25.8793781491996	46.5359988627351
-11.5426120253964	-17.0450350340405	11.9606610735125
-1.93227817598851	-1.57016297707054	84.1101628225381
16.1669179019545	-3.61939799824704	12.4159818401548
8.34362600003710	-21.2339736867281	19.9293865594332
28.1006943483438	-4.19043791280480	19.0005073640944
-28.4357029527227	-2.57628137196025	95.1774146966154
26.1615032291860	5.58195056039572	13.9077332997347
-2.28269288899479	-15.4436536397749	27.5148966707193
9.50313405526423	-26.8166450169719	34.8081865775784
-33.3126790545842	-6.65670053842353	15.9534260958527
-32.1669118529750	-7.41176262367717	33.3940846227659
-12.0243690560637	9.31932894834691	31.6421831179982
-16.5922807798496	-16.4280521021503	29.6302373225735
-6.18396261960404	24.3023596128998	45.7559325246820
-8.51323596075612	-25.9166416215400	52.2260654525943
19.3554257360039	4.52214423288215	64.7529413638939
6.38318895499391	9.91679523317055	60.5403267856615
22.7627745102086	14.1492851228029	18.8207068977367
-2.44444004012037	-4.56305784088958	97.7739024692069
-3.34705534344233	-10.0911505665479	91.0466963196159
10.6387179968938	23.8592552545896	32.1751048390007
-12.8476666924934	13.1711695219743	40.9778870570365
-31.9503576278806	-19.3933304834768	76.2523364667184
-36.5213666276024	-26.7122746251400	73.5646933541572
9.64925763202777	-23.0839042038592	25.1861144028699
-24.1154976157562	6.04435723112661	24.1752976022598
-26.1856386551858	-0.540423435311752	95.3634321688112
2.62658257325952	-1.97993692903088	66.9080739781355
11.9904563951949	-10.4386562509466	10.6781457938207
34.7227788014788	-0.668777244944286	27.5720931310722
-31.8832543380510	-7.29795429789954	18.9586676444213
23.9036488863010	-13.8207514999400	57.3975170406772
-0.147997783078702	-21.2621812245229	40.1793506236181
-15.0648571694083	-15.9353934740410	75.8917160984073
4.29567313274731	1.36923083729853	88.8566111536468
-14.8291103423161	-18.0581180057373	28.3209459945173
-32.8566502509762	-33.3295333956121	64.6571149131524
-3.79432420836255	-24.4529300260845	52.9418833624679
-13.6875182558460	-27.5677852289226	47.2686803062948
-30.9502816826319	11.6243712271611	93.5018496877135
-12.3714055317308	-25.6091823413089	39.3555439078929
4.84416002739224	21.7484395402462	52.5068829719803
5.26699902135571	-30.1033890887705	34.6539775749362
-16.6489831129248	-4.29443250463717	69.2257778087905
-11.3900792859756	-16.9751051809109	20.8135066328258
19.3753290397668	-9.27893473423726	11.5552858044377
2.49301450619038	-23.4854445580422	48.3649305005281
14.7942311279876	-11.0453558799882	63.8891332968443
15.8528024222334	20.4365774329455	43.9847787091109
-9.47319819629548	-14.5012391984615	82.3070386184027
-4.58812945791393	-20.0889029081741	58.8475555782642
-28.7806142529876	18.2687180075719	95.3579856428336
-9.15461211812798	-1.63824814938361	67.2877192129699
12.8659421829263	-25.0428414338545	28.5164449021401
-5.27324418663970	-20.5737980255429	13.6636233219852
-14.2219614825302	12.5251269912638	21.7646229992976
12.3514032303714	26.7731141515008	31.7683965337956
34.5920485417427	0.500917429114804	37.8713116562674
-9.65671622960439	-14.9033379496008	81.4948658621601
-21.7846248954756	-27.9047842842696	43.3599957130223
-26.9251274700839	14.4724486338968	102.390924845705
24.7206507180146	18.5781740481054	49.8054815418331
-35.0492701372428	4.60054108278535	98.9761058835804
-13.4081584509381	16.3677007352427	21.7810480674385
-29.3040541298953	-7.40081928229328	85.6844671808617
-28.1068055625426	8.15535109242444	99.4738844919272
-33.3737889593002	-30.4492626336166	79.5122743622871
-17.5985212756808	-18.0917170054180	80.0877343004783
36.5718044370029	11.7786553834509	23.4342413528453
-12.9926048991963	9.11503269883669	46.8772954455312
-33.4640913410269	-29.2605042921334	60.2772237781323
16.8502172013289	-20.2769425862969	50.9030804837443
24.0787414851694	15.8882914623314	26.1368542764952
-32.6871060360254	5.61423901231090	99.6214033422703
-1.43708775890000	25.0236317660658	40.8729764200727
-2.58029967895359	-4.52267646361632	82.3885722367042
38.6037010854918	3.48698833332637	30.5732168749931
4.52611028030108	24.3945929317344	37.5279184427809
-15.3152596167753	-0.773118114210931	64.7544314138340
-31.9009049198319	9.05971726052522	104.797163064271
-32.2113866927113	1.18683314926411	91.7608677229998
-8.41059282572652	11.9667680723278	19.8925129826261
-18.5327303705345	5.17417805477065	58.1221415550771
-5.61210609223301	15.9865498379745	20.3717199596593
-22.4480680974907	-9.36924057428742	79.2587009115894
-17.3686708811202	-24.6977569414763	79.4250777925309
4.12540963490700	-23.6836779572275	30.7919799317396
29.9804311316856	-5.69468612442525	58.2494510124562
-26.3949869949415	-7.44487794254053	71.5524099292353
-19.1910038346075	5.54575362318011	26.2693999810554
26.7035370409740	15.1683270577387	17.9586214919498
-15.0217705490175	-28.0355472339894	38.7658077737308
42.1975022148409	10.6044968880911	25.6454342107344
11.7565946925639	16.6298175058840	53.9639347211634
-32.0416337229207	0.113532123672087	88.6331683914688
31.2864249204362	-2.69099695799141	23.3975278117757
-17.2534735760871	-16.4116646489831	20.5562747062322
-24.4226629751970	-3.04808319707191	24.1557141636974
-11.5077914079829	2.29456762227045	64.1820392882608
4.51475102369988	-19.1939921850435	16.4101277626708
14.9739133514538	0.733568081430559	68.7917383875082
17.3765599137557	-22.6387411989573	33.9458043930285
-32.0833299586072	-18.7212442331441	34.8715179623600
-34.4045147562799	-18.8297987564681	75.5597034179446
-29.6714064643273	-36.7287348864245	60.8807864952199
-32.3433651858350	13.7888824256279	96.5809395234868
-29.7893187471588	14.9240675450695	103.261145974675
13.7466674552307	-13.1566632613856	14.2647595850258
-16.0694305235937	-7.06828280132467	84.6051865001119
24.7654346554138	-16.4872976180096	28.2262340206570
-18.7929397500860	-1.29440546319820	66.2589566863946
-17.6706152888458	-15.2855616782558	81.4322197264376
19.4378993223168	-8.98972404998622	11.3284202525320
-7.59305421284446	-2.03528581877869	85.9256175988271
-21.7110045654709	-8.28547217410332	19.4591190367811
-14.8593434812335	-23.5296283108528	31.7674318728358
23.3013732464710	-18.9328189795853	35.8400657701768
27.8933619693554	-2.97504361217490	18.7218573132259
-1.04231465716093	-11.8860365289250	62.1454791773599
19.6507990996529	17.4374436279204	25.6909435525761
3.10181311034487	21.2144372927046	53.7951563086510
14.2686614709705	18.8638058389918	53.2917660064488
-12.6983840546235	-26.2827880606898	63.4428754929732
-35.3512235417931	-19.7839421367028	59.0541324150158
16.1277913030985	22.4902783732216	28.4871147141980
-24.1475308011061	0.0362474177898804	60.2195459016601
-1.06092037647535	2.02448968637613	18.4846975539073
-34.3417282064905	-22.8640743077032	73.6263497060515
21.3514062159224	-2.13635905470350	14.1724156984242
5.56092411677152	4.80812887687413	16.8189601274877
-10.8970899327050	6.01430009526516	63.5199211010475
21.5028111515704	-17.1578046147258	59.1415140448732
-23.6628234856671	-3.37123354826441	25.4741147864050
30.2224301432843	-11.8683327566843	54.3620777808125
2.27101254439847	14.3412087559594	55.1143103213994
-2.12789903277680	19.4463882022686	52.3465797421738
-15.2555624345030	-18.6046507354750	75.2528527882489
3.03337858244818	11.9709203429432	59.8274692356486
-1.69887634089231	-17.9005773492996	21.6826218531612
-20.6373273285588	-39.0147721092712	60.6105092498222
-32.7578930777412	-14.8591075864925	76.5173883974025
34.7130892667189	7.58147822860921	17.5456027482058
-26.5693452216905	-11.1050864441066	28.2574438648460
-11.2127081007445	11.1815098865957	26.4881507271205
-0.327194963494458	-5.39610195694930	82.9071124492971
-34.4868163448246	-2.50135477500002	52.3329694501292
-31.1045369400505	-28.8250891508585	57.4198119443000
23.9022042617710	16.8167575624575	29.8464318817577
-30.0411790028962	1.63860543401633	81.6004247581671
-15.8878798843697	-15.0664993131628	29.3307042396637
-31.4621994674259	12.3035315523255	91.6299738273116
-21.2489994891616	-30.3677292918569	40.8303251072710
28.4127746097753	11.1836048578708	49.1425710724301
-16.1305330641449	-17.9493136287058	22.9606031446627
-11.2654776106237	-23.9220290817695	34.6993095614036
-5.62749825035726	22.2971068714772	35.0777756082876
16.9829970955756	-15.7990814648500	15.3352281759641
-8.76594954178509	24.0734560486765	46.2430471510746
29.5579816159232	13.3662388611586	42.7188515990810
3.32056712835038	-25.4658081475512	44.5620560684376
-8.95417181230702	-8.32171012516410	87.6908951171009
-22.4798649339673	-6.13844053234909	81.5121812455760
4.87726557279359	-22.7264261892277	53.6269477697880
-30.7840698706543	0.113673182316516	98.4975629155251
-14.1175316459581	-8.83862297888524	87.5338918485390
36.1160759798896	4.24492244238946	33.4300394300739
-24.9203438355910	-23.2688691593692	13.5102758507202
-1.08110257694687	-17.2093608437032	28.2801470973231
36.5930776358857	0.0811612890577109	41.4967879487177
-24.2450999913522	3.56064992457638	87.1066741063329
-2.54320900097247	-22.6106175713145	37.8903085021959
23.5028004458081	-16.1402082269407	52.4437118272016
2.33054973936498	23.5880774537263	47.0759816725012
-29.1164644281396	-15.3703372870989	79.6145234404183
-1.24249320614736	-25.9338904320359	45.1886333700097
-28.0881894991798	0.926827572904626	36.7706630294235
-30.0263749239503	5.11942761470053	86.9695809849122
-23.3541322482245	14.1990715699177	23.4292989106979
-2.01304173640695	-3.93553342546572	96.3506567418183
-26.4474609682695	-28.2707313659480	53.3886529624845
-2.32625264166175	-21.2941786339442	38.5140770887499
-31.2054707354467	-1.17035868477630	21.9614808231250
-20.5358220526374	-14.1741186051906	80.4263172524573
-4.43319779103536	-19.5329782896854	13.2776816323866
0.282742405776180	3.02443234347392	101.534930086317
-28.0216035569820	-26.3805261808005	45.0561573229767
-22.7220530997050	-37.6054968268784	54.3734380925034
25.7956643236716	-11.0565932973467	57.1718974574195
-14.0237877247566	-16.6957146531360	70.4118301566519
0.681317763640593	-18.4766452811035	19.5157437996514
-12.3705339440932	12.7347945190903	34.3293619443505
-13.5248377697382	-27.6497255709211	39.8552236292356
-11.5942298179501	-4.11960469191336	68.9923566110402
-23.3615857287007	4.32834941419457	39.3165624124515
14.8424496974739	14.1692573428940	18.2484438241210
-15.2583253061546	8.30293646687635	31.1636160638964
-2.22623697834546	-22.8234847230718	12.1684545980494
-8.26014934347095	-4.27029857273688	17.2330802075721
3.31482255479342	-15.1223483786348	12.2555937314680
-8.79726838985463	-16.1425010348757	64.8683760218092
-12.9748942635347	12.6023863321842	53.1756611627463
-22.4468950459007	16.8404106702925	23.0708597766212
-10.0469867842496	-20.2033999600373	67.8519588628719
-33.8314196126364	-2.80533579850834	93.2286495405513
-25.6429314882877	-17.7114524799637	14.8495928884178
19.6767187693442	16.2539318262474	22.3744247394650
32.9540221241852	-1.19639854988700	27.9933170735241
13.0216978899851	18.3712999346863	19.8571489579252
-32.4658427241372	-12.6524802078373	32.1808629868683
2.54623242288463	21.9515288483397	49.9157896996737
14.4603431457730	-21.4480642723723	52.2613891014755
-6.72800139456762	-14.1743341538925	11.1111695537104
-23.6630771251099	-3.08290000069306	23.4489343060874
24.0089735896973	11.9081382500718	54.6935292741438
25.8598899774127	-16.3508593789363	54.0724570978891
-18.7393898127583	7.03813021299986	50.2960417859043
-28.2863840837963	-10.7568109773566	77.1233153578561
-8.62701236084880	0.960224028802502	64.3441540502753
24.4367644714267	-19.7076846990817	45.0340490078433
7.80402026679092	13.4802417879303	20.2007567642856
-22.6254278585541	-7.20750304596319	71.9993943634661
-7.86555212865807	7.58166435869997	59.6390672647341
-12.1133716548258	-6.63785213799775	90.7435402105693
-27.5284680438640	-38.6259713605957	59.2319705058770
22.8676554381906	4.17796910742415	14.7033112111602
16.0460054500116	24.3272886025765	31.3630578984444
-15.7831836676031	-10.9045248972100	77.6718203791874
34.9629621644211	17.0062310846641	31.2631597031092
22.8348287925374	9.98740828401617	60.4768323267707
-35.5320804590159	-14.9028655503454	34.7849251251456
-19.2077177755922	6.86605493459654	23.7773123793928
-33.7635101999291	-22.8442718725643	43.9144677195214
11.7903434922341	-14.8000951010551	11.8875088609950
9.57985690671417	-20.2134496137480	22.9127258833140
-3.52953444643049	8.46317547673364	60.4994938013845
-33.0746584120904	3.20994052049323	21.2489092541099
-13.5962867787241	-9.02793132138023	76.9912694592806
28.5770575328629	-15.6086679534823	47.6112162583626
-32.4214386606524	3.01863176321442	41.2881798682819
-25.3106234356032	7.36362300729488	18.9423263982101
31.9208706944709	-7.56580273349496	40.7094624364436
-19.5956286936696	18.9978756750814	26.7821323187725
-27.4012246263474	-23.4017562267126	34.6353150558261
18.2907611538491	18.5129675386121	51.1991659352918
-22.3875092550782	-10.1921600202890	81.1319197044505
23.6092984028676	0.150617212201247	61.4153577473551
20.0531241427990	-18.5916590620745	24.7319466925559
33.5214192425082	-3.17490392841976	19.5997491119313
36.6091694991104	9.24883833587238	21.3156193235858
-20.8677559055997	-11.3643140134085	22.7788448465512
33.6010920209423	0.771170281141459	18.0027882151304
22.0778215827005	-19.2213977228843	25.0989085992341
-36.9260102757481	-7.37729646898746	43.8114213666215
24.5406511895119	-12.8252859268066	18.5300688348303
-12.3323407794830	-0.0835805132909187	63.7372936748773
-11.1953006564588	-26.7181365022464	35.0778448498844
-10.7667805145768	-14.5339896950925	64.8331252411193
-34.0264410598973	-5.81642479635217	87.3227512292412
-33.6512194504204	-15.9791338365122	59.7090133205061
12.9336004672563	24.6666223936467	26.8910999659384
23.5594544897876	-6.76023604813291	61.8159593546367
30.7585613020284	-4.34755996609536	52.1845219998932
23.9628224898741	-13.4615425011054	54.2359635333191
36.4189464067073	8.49391052248850	35.3660028822846
-29.4309268351508	11.5050379691893	103.925445115790
-34.2075918549051	8.74679995307349	96.6287308953482
21.0429073347096	-19.1426520888771	42.7934328976250
-28.3482561912002	-26.3094283998332	43.1164081197920
-12.2108508372335	6.43744155963887	59.3447489522365
-31.9016519813121	12.2483818969684	90.2392883625876
-4.76330615074060	-1.67716554999815	64.9479654386093
30.0524878206841	12.2951131613093	41.5906093792500
-33.7288280077135	-17.4363748133761	57.8212379179079
-10.8911757676864	-18.7603392317609	70.6327405903139
10.4288787286944	5.46354790660862	64.4138404890569
-13.7844350033841	-19.3955980329514	23.1131701419740
35.3473710411827	-6.17831976667108	32.2438802958231
33.7700053872540	1.98494943007502	29.0008228829473
-0.929758113157820	10.0579102530735	57.6161204201959
18.7907713585753	-16.7715439961986	60.4372692222473
30.4816280922913	-15.2915587796905	44.7732740917153
-32.0945308413087	-24.1748023545390	77.0345847700599
-0.260287286179101	23.2987321457807	43.4902623864092
-22.5838014542807	-2.50612505483931	86.7817075562153
-17.1992014493103	9.10336417813942	39.7178264962259
8.60499545703615	22.5371613376471	25.1837193517509
-12.1770950093350	12.1591143224042	47.7261350986151
19.7015314074664	19.0294208857072	28.2139053283868
-32.3172342913149	-26.3252670329103	44.0774097262322
-18.6199045830126	-38.6833585114094	64.7360849087044
-25.1518228084567	-13.4594057288259	83.2330861040774
-6.84252064073788	-10.7088534974105	16.5084627474970
-10.2583373045181	-28.0104669527691	38.9479746793443
-1.89547133607562	2.64550805290314	95.3223068428065
-0.804589651040021	-1.17082345208147	87.8420281930266
-15.9058164010815	-25.7676808746777	68.4249765199221
-25.7846625558117	-6.64695828910853	78.4596552796876
-23.6629732589667	-28.6307558348960	47.3431799424794
-14.1894974928107	-18.6966842787419	28.8991344658017
-31.9248345812970	2.50764417271925	83.9205521847922
-12.5750553826498	-21.2413795408656	15.9819675265369
-31.3751680518229	13.4707465110286	102.598560548813
-23.4250166941739	-19.0071390793036	13.2914231265820
25.9703487532501	1.80263191304115	16.5794300331599
-13.9308745935913	-31.4908585632415	66.2656008968806
14.1558489144642	23.1849366602566	36.6598637109931
-35.7987615925313	-23.5930518029447	69.3267883236718
23.9912943497211	7.96484079984053	60.1653937012095
2.39435648385977	0.653962542450453	102.258902915644
-19.5902228616899	-29.9247770034205	52.9995641810408
28.6014565755670	-6.80861252818444	24.2921660664593
-19.6244775365781	9.70911377180546	23.5654318245093
-33.0077751364591	3.78263226612621	94.2505279180486
-16.7386576470878	-17.7614466151462	81.1246384578751
-2.17656603603692	19.3986450192675	19.2432474106397
8.34750061263719	24.7288876099421	19.4751999758932
31.5227203249349	-11.3782918797397	32.8518781140118
-18.2426136159768	-27.5739618415524	39.5146260156332
-12.8846625114375	-24.0679537594854	80.9805919085551
-25.2255595751842	-15.8554925304247	17.2777763082379
-28.4064673599756	3.86316008246701	38.8325362790894
-30.0147163695543	-1.18864389789497	56.0756583354151
-19.1887132485944	-25.3651682918052	16.4115103892605
-16.5606488601932	-29.1754181844932	57.5910261897554
-16.5087267168974	-29.4842987342081	49.8510229409705
0.698565687384785	-23.4912572388220	51.4458658394860
-5.38423770817541	22.7579872062794	26.2312408522680
-32.9505225141791	-4.74985015533021	84.2972755073394
-32.3800673977405	-35.4442737067510	62.5125967571464
-16.7856239794813	11.8768485437715	51.0860145488731
22.5935625364525	-10.8332290265732	60.8678276423503
5.30423783509845	23.4642120358140	29.3308855426549
15.3621771724854	20.5266021736791	23.4687072179458
-24.1235244184918	-4.34691298651565	23.1072674600926
5.32901146248346	-18.4609760396229	9.20112915428297
-29.3833196591902	-27.4925169315041	54.3619121881587
-13.3897175109679	-27.0732698694312	51.7469409345720
3.08917771324052	-25.3032459476819	29.5653767478956
13.0467242566892	-12.3802901189238	12.5258491237690
24.5966144583687	-12.3848392707859	23.3928888680781
-21.0341985245764	-25.7106715828995	32.5953857309905
23.2547220532335	-8.36685705082964	14.5663760628183
-0.00857152438890374	-2.36223611553617	17.1022192042790
-7.92774556855954	8.86885964604528	56.9695566985657
20.0002019676963	23.1798598974677	33.7992004748950
-16.8978090336962	20.4690313373095	23.7537674510680
5.29352192058097	3.24447812900075	96.7902746449470
1.74760444089946	-21.5156767092411	8.71510853335873
-8.19022317932617	17.0957179291974	53.2550066571361
30.1901475547578	-12.4978672624335	41.4613198130305
-5.45023005430522	-18.9339115441001	17.8003108607345
19.8786465767046	20.3031082754925	37.7681016264078
6.85004853823979	24.6091910918152	43.3448851391541
-32.8080279187593	-16.2870479996001	76.3695330567563
-9.95032885171229	3.91769048300331	17.7039879160264
-35.9271584793211	-9.89295404433998	58.4894910973112
25.2596517969576	-9.77154623220698	21.4982502831517
-9.57474177564194	-29.0351948823654	46.2175151389695
23.6977644136827	15.8331524875403	49.2229722057283
32.8818483450987	17.3600997821694	22.5150371411576
-25.9961641597976	7.40162034838858	93.6899318286048
5.81490905152423	-27.4121436055918	41.8050756930024
-2.90524775904293	-20.2696944731991	33.8706779672066
22.3103632589803	-19.1567429683709	46.3410390878093
31.2929424060565	3.23278783135538	51.6100307383724
18.0221358567147	-21.0496638190581	41.8218280679383
22.5089462165807	-5.75588875902093	63.4174285304301
2.97903003464867	-2.76720285306208	65.6779499356475
17.4753672578882	21.1800877670369	30.7034947621803
5.40720702701243	7.61396204071643	15.8881846760374
5.13787841361837	23.3510562686453	40.8821828335536
-21.0732084183098	7.75419273005140	43.2307027388873
12.7392932550501	22.1581729555347	40.2748058022660
-30.3175973862314	-8.67171069195844	30.1312546423029
13.8963070563867	-3.73673618991120	12.9458899187692
2.37286587153884	23.4108168224135	28.6336975888125
22.1626325908021	-8.87816378373595	14.6322901934727
20.3159172466349	-12.2228456056922	62.2254509053913
-19.6090675195586	-35.4495609533108	55.8136237531634
0.484251789449997	-3.84309738448201	99.2859720731401
-24.1192685880497	-4.38514948712736	64.5445419753908
32.7744111563678	-8.12391752199077	44.4651805663484
-26.4219713819286	5.12016451748594	43.7081911293424
7.75715160346898	-26.2695771886937	41.5716748015483
21.1156344927354	14.0326691855433	55.5288100729891
30.4996268129037	-4.69556211886975	55.6233656124490
-30.7882267943395	-14.2155625617590	30.7995788584638
11.9864348155029	-25.9386423737758	32.1745962465763
-13.3602566363195	-9.77575812237677	71.2848304088386
-12.3548464016092	-24.6907316439957	76.6259825501930
3.86609090711126	3.54209248432137	90.8210406352185
-14.1987158024976	-19.8105478803486	20.7384466717390
31.4456787297575	-10.5289389581029	32.0204603807560
-24.8295968716851	-5.73050469570830	16.1752814630080
22.1349405090847	15.1917847835660	22.1657881577800
33.3066788609078	17.0845055679412	29.6088350972670
3.27057303054111	15.1290731990297	19.3723316019131
39.6337136131427	5.58332841392080	27.1751674950780
-25.4675936560747	8.47840845332409	91.8482389492185
25.8975995453205	18.0823890603793	40.3603472793777
-18.0069534620027	3.79224525114017	20.0841401081194
-30.3849402651209	-2.09763770320168	34.9934075093245
6.20192383054133	-24.3417848481885	46.0473381088828
13.9921398510466	12.0997725020539	62.2608634642269
-17.4159504430334	12.9290723076483	19.4406724207484
25.7119123332858	9.02641625968068	58.2578473740579
-29.7488911464773	-22.4638739103638	34.1108605580153
-31.6915688516042	10.2907031397677	87.2077057092073
40.0305513375034	8.43532488975660	21.4242476669356
-14.4740787342702	18.3066081960790	41.3062755323151
-9.45157789079988	20.1206702359120	29.9438500173869
-35.4383637743312	-2.27142350430684	41.0211090144905
-35.8111191910328	7.83529280451171	102.904924139313
-20.2221149018571	-37.1908422084302	69.6985499159493
-16.2770037485145	-28.3513745735292	78.6996624976351
17.0016021156341	-18.3656627513035	48.6749208306015
-0.770073696321811	-3.80989570872857	92.6365756010445
-36.6911349002288	-28.3882873558382	65.1085639733902
-37.3858421309585	-24.0872569841315	64.6484548555223
-25.8538316556064	-24.4449282541292	80.0322090868871
1.50856155011146	0.637003383122156	102.735513020622
-20.8113327045955	-29.0298978711930	39.8693042175620
-16.7451618319716	-24.4620973627382	33.1658297408493
29.1414394971416	5.20880306054488	55.7475980853539
24.8489215514376	-10.8206813653085	60.4876730785526
-27.3183529689031	-11.1057426883785	16.5869185183790
-37.5862670718886	-20.5549995507361	60.6401070113023
10.7835968848318	-15.1439934592133	65.6682759447454
-17.1814704820209	-29.9263271173100	49.3710197171771
26.3801968405149	12.6837403849836	51.8427042918235
-23.4768694582082	-18.0630114686368	20.6989840833602
15.4589685134007	-22.8658006672310	29.6376308007311
16.7528921497659	9.63069184255608	15.5087216508618
2.94488200634538	-20.2502255885467	57.0758596486041
-31.0248871269444	-35.3236233815337	66.1064368966101
-13.2679898495419	8.65167012277533	40.3840125515632
-13.0761959642944	-9.56811297549505	66.5352201527038
-31.7856959175748	-24.9446792282658	55.1666309526853
-31.3803564971845	11.7187336358906	104.336222323391
-17.8934760717241	5.78256906794558	20.0987469160025
14.4944043147415	-21.2823059505993	22.8566766681247
-0.383779130589307	24.7887142147923	33.0102359033421
-7.90364304298349	-2.63822389352923	89.4443779445361
31.5962504890762	-10.0953727650370	29.3311283697227
32.8870530475407	11.5353920230334	19.0590029721289
-20.9841001887731	-23.2340082118320	13.5400789712333
5.28543383492766	22.8925327885051	35.9303531107534
-27.4578701975153	-17.5850180960418	82.8795702503386
-36.2815587116180	-13.1224776398417	46.5658191380787
-23.2098104017971	-28.5469978005820	53.8975296862217
-11.0550696844903	-15.1627490308379	68.5517070120390
-13.7575871512443	15.7462335203109	33.0172094324005
4.91504959144347	-0.560593555061242	88.4587811179339
-27.9283936114240	-37.7082343128440	72.1019208710528
-4.45582698995732	-16.9679363583553	13.0938976890412
-12.7034604522543	10.5525950630545	53.3536668281507
-7.57625186924466	20.6730171443633	46.8622687375421
-19.5400400280026	-41.1486863290306	63.2667389392224
-20.7627014540321	8.20510476658247	32.1541269435797
-1.73295298902237	6.63669515805614	64.3421296715397
-14.0256183652874	-29.7701090600651	59.5495766076212
24.4304192870140	18.1340471707032	46.3410886460365
6.97846812636684	2.15736018658299	14.8838803320195
11.2757873839847	-23.8902280004842	44.4962968937208
-22.2852419474391	1.59525992851018	60.8625249330201
16.3548184023644	-22.6767605544737	46.8530163247057
32.7785018021035	-1.58319114680382	26.5787582691494
-31.8022105594641	8.07304158667948	87.9556139823501
27.5566080448959	18.9846829784323	22.3263065979658
-12.9167201146277	-16.3349601939435	79.6607571110575
28.3927413340640	-11.9788522873615	51.9913081392868
2.04838401373788	6.83805085278974	100.828496048587
-11.1818288444645	-1.68505080491021	68.0311076448454
1.27490938831612	-1.03941055478552	101.905862659906
32.4430335776273	8.58922479340690	53.0387758632089
-14.7737386417170	15.9951448456339	28.5497430706161
-34.1527995364480	0.914020203459788	43.3637935926029
-35.5597894726036	-15.4895618583642	50.3700066350175
-20.2124980455549	-37.6144926461986	56.4200892054158
16.7556608583326	-24.1372575906604	35.3502072496502
31.7740320669676	-13.4832331144060	32.8853740880585
-27.5141573389580	-0.260074690214193	55.0273975635178
7.61579798566866	-23.6010815957131	26.2395528759887
-8.81883891280875	-13.5692842479599	78.1390723637924
-36.5444869345984	-23.9702151320817	59.3904066639229
10.4921666285950	23.6370631483945	28.3479390001114
1.55244597387274	-27.0573140570537	34.3350140467497
10.7969483482282	-27.8443758378491	40.4877725889511
-7.70179417138895	-20.2242424987574	27.5578768753527
-25.5847379026606	-1.86999971382344	90.8432782450451
34.0810162778192	7.59336377707475	35.9771777649163
-14.3253768523651	-25.7613177641507	53.5936213235872
25.1490721942629	-12.4209780517606	21.9172993352675
9.77225023321554	-20.9122739529530	54.2248864793598
-33.0590242195177	-38.5761284783071	57.4741331345647
-1.80990208997681	-18.9336642796604	57.9624391509841
-21.8331516789947	-15.7449123163850	80.5270472925591
-25.4686312749063	-3.99569298273212	88.9077073293659
27.0635055282073	19.6153313649559	33.1904224128945
-37.3413309033808	-6.59116642299623	43.9566983898994
-27.5291629644955	3.71174411068824	54.7983363533718
-15.6602825986608	-30.0997714600757	44.8772217043379
6.57522939639005	-9.63535796152920	14.7438247406246
-18.5488907582630	-16.1417485861462	25.2852635119665
-3.32380199401658	22.2784727390026	24.3584903751573
-14.4234126863454	-13.8507843698818	77.1576900820096
4.92700641573292	26.1764089906392	28.8829592520266
5.01126092528828	-10.7726856247750	64.9365795643824
25.6646843322127	-16.3257361346611	39.0064505797399
4.54097337657328	-20.9277203313565	19.6769268122637
-32.2612864149040	-32.6162354948495	56.3056531959735
14.6037318227821	-6.50025793261856	14.1684245591472
20.2212702974504	-16.7511301305722	21.9515569626592
-21.7731733423929	2.48012721892841	36.2728563736944
11.7543333016214	-24.2093500695340	28.8570484247553
-10.0532058614761	-27.9502518206411	42.1856428736448
-7.00194026993257	-23.6714851031735	37.5240884782846
37.1967065359831	0.244683856884194	24.5648794988048
-33.0357485409900	-18.1630159338621	82.0441751766881
-28.6260968700465	6.30021305228157	85.4586154482572
-31.4133314242942	-4.78976917384645	18.6867595845605
3.79521977481758	7.14904845087099	63.8220537525698
-32.9637044186945	-31.7740533499689	69.6946051371857
-13.2036811252163	11.5235088301698	45.9694430548700
-26.9727209833546	-14.8701901343779	85.6129412391521
-29.7798875968197	-38.9115068025336	66.3348779213285
-18.7670831846479	-20.9440217357442	81.3806439847578
-6.01269938289610	20.4629134473394	49.1603331862207
6.54725950703918	14.5051584455795	18.5737318014020
5.50322941095220	12.9499545182604	53.9825856340062
-25.9764312105213	1.15333834709859	86.1173641003017
13.9750152005100	17.0923616733971	50.7343514227560
-18.2919447637724	-14.6564534411160	23.9463553076974
-20.1850469749502	7.17278048242166	40.5686432410256
-34.3477091393621	-0.910987509672204	42.0956643147679
8.45490992591479	-24.9262101774116	31.9941513864896
-35.2825132030936	-9.09149457519328	38.4846881325767
-15.0215299263288	-11.4476495556727	76.2194936388692
10.4304862915623	23.3626766385880	21.4674316711624
13.3457114582578	-20.4856495522328	54.8843467405154
-25.6668782488118	-29.5807410185882	54.8139754154271
29.7597981931624	-10.6184974166205	26.5623243923419
-9.28633922382199	-18.1038280302972	16.1334207375949
26.6721593305468	-16.0658032678618	45.1864942558695
4.90044157969005	24.9343208373299	40.1735089484816
-11.3255931224858	-0.145983800529120	18.5410274232158
-6.49808856220165	-9.85784710232900	83.8286864503876
-34.9134461616188	-33.2574519903924	59.0678097372701
26.6544741977575	-15.6554162107267	32.7304716107459
-14.0570368801860	-7.10963834864710	77.6109899371712
16.0475367251035	-11.4177163880955	14.0781448956409
-25.0357785980336	0.537589260483223	25.3998490987747
-20.6687540760826	-21.7124615831133	18.3833685135579
-36.1576313899756	-11.4171561974920	48.7151837014734
-23.9257414878990	-41.3996975445784	64.0967393663254
24.5166604121382	-19.0674631349945	41.8385104145263
23.1686322927610	-19.6807448864635	35.2705665679052
39.9000967902120	13.3908205834551	29.0858980241796
-23.9986449293306	-42.0938199496202	62.2667806971244
-27.9729285976635	-10.8803199509627	86.2032600355843
-37.0620696927827	-13.5816592582973	66.8942032608278
-31.5702259099274	7.40761600090540	83.8246037599407
12.0139279049479	-2.07519432462039	15.3104043708680
-11.2425073243363	-12.4060887925241	89.4100713021090
-12.7911194480025	-23.3817445271778	59.2044913228489
-17.0942048095291	-6.80954423034216	25.4052270120307
29.7884715040458	-15.3818694419147	36.4649542283052
-11.3845951143895	-7.03602761546394	91.2926130175375
11.1641241008892	-5.17108508746239	13.9203224101376
-34.7914671406966	1.64030986939509	95.7139035225585
2.21937940412956	-12.5275594083135	12.4714622338828
-24.9644966430468	-6.84543611458169	28.3175192627369
15.6194642569804	24.2813004035649	34.9090722404287
3.30416211448392	-20.5985250340308	53.7545471747678
27.7180066807531	3.20600646000449	57.2116532479948
-3.79243667046014	-12.9330184554932	64.6569609439130
-2.05161072283790	22.0188083372509	24.3114665085223
19.0906562526079	-9.08694685981306	66.7454135143501
-16.7281464283731	5.61310094254053	20.6319658794508
-19.9079999991427	-7.11324304301817	28.6840684138189
10.9296766458300	21.8206686036253	20.2923714627898
-11.5286188125860	-14.9534752983184	90.5241195165056
-16.8378592907593	7.78499680748963	23.5582438375665
17.9391905135233	-21.8101142959140	44.5293859208578
4.52796602890038	-1.31306672529632	68.3623493477662
-2.24477480386490	-12.1405260991571	65.7577385058639
-29.4478144029086	-4.62223136434111	62.5367458396384
10.6874104807302	-22.2229828178447	47.6495478942147