49.2400906797527	-25.1672116147275	20.1425491914599
14.3736214253986	-63.5685754802258	68.3756110186527
40.3446800912547	2.06165958505536	26.2163460161775
19.9353234727379	-36.1866997722795	79.0535659049876
30.9495250666289	-33.9550908306049	72.0452792730755
11.0500770783378	-46.3052794438297	78.1044734223764
40.3264715579975	-40.2415121845945	45.8788576595219
35.2812142716074	-41.5763559640849	68.8208311691283
32.3664786891090	-49.3877878500889	62.3375259419602
24.1874853414999	-18.4032878147851	66.7440353626849
28.2079048146371	-41.7896594203505	26.5485458491418
28.8503373358245	-16.9915841260641	63.2966686926461
10.7924250505660	-19.0069277961533	55.3547411058459
30.3376208650490	-6.47371187341591	51.6478240644445
8.03628608331665	3.23046044016446	26.6712172400153
55.9003363530292	-20.2414788240884	92.4794010158002
37.5864226238034	-41.5488411271855	78.6635186337965
23.4081586963567	-56.3334767742406	87.2602811141062
21.4477522657476	-18.3956455438179	66.4187477412032
14.4974342388492	-55.1324412691577	45.7009392032581
20.1617026213337	2.95785772522420	42.2972553485616
18.9950396286280	-2.76874504604439	16.6727515479995
30.3437441871795	-29.2134938935394	100.447940793430
23.7854656926125	-33.9774423146638	102.009628969975
18.0129905817873	-65.6681892656064	63.1396645975064
34.3950994100053	-54.6554772734259	64.5162769842027
41.0677065077388	-30.2461919166531	88.5954767475081
22.1807234754870	-50.6046194078099	39.8940729978462
21.2313867335564	-25.3401911649661	96.0656612151517
27.9210330356017	-11.3162284443600	57.4495445060296
-2.53555256233171	-21.4987557802236	32.8348005295184
17.4248716090650	-49.7053810209485	82.1097732679972
37.9548900858851	-41.4408434930214	38.4794123125824
-1.97586481687744	-37.9763175064777	52.4092562506388
39.8181355148318	-38.5101350025637	50.1805545725194
49.5365700063621	-9.50801954466619	52.6991187937631
41.0878592997225	-39.3192059876297	34.7328296032774
38.0002860183186	-52.2864588165151	76.8189982561267
53.6068966290344	-12.5895016131725	92.4518504219531
27.8322839043091	-33.4569163651484	85.8666637778518
-8.63855472538282	-36.0785658994856	37.3928706334504
31.8135741830577	-59.3926824959044	66.9648226839675
-10.2627900264063	-21.5050366063971	34.9283318125718
7.06507379673828	-0.321331188971394	36.0657649584691
25.4621572909775	-26.4923004409235	8.37177804034257
6.71867416901327	-54.4518818560620	65.9793212552486
-1.48574205350783	-40.4321742083765	41.4903457007037
21.4273962054991	-2.98519160146090	55.0467077108828
-0.538096600425826	-22.1570007837607	47.6747291659246
40.4558768976827	-41.2152550589283	31.9895372710474
24.3281026780149	-64.6783889343081	61.5933561621862
52.7628441595888	-1.43876939253902	36.9027061076505
21.9719583537914	-39.2479430353219	17.2768118655065
23.5632122682920	-27.3280875777288	108.725290642064
13.6125251893508	-14.7493330052770	18.4934430000482
21.4776096046044	-36.9767640441360	96.5633279664013
15.2507703808439	-58.1348946366137	65.8113862381806
-2.77799481530555	-47.9364580464620	32.2747563110800
-10.8165421382833	-22.7972635344056	35.8872110377400
17.6251667761869	3.67367876375734	39.8956090868407
-1.97235285270984	-26.7987695902205	53.8657038712292
23.1317836843364	-29.6982043952197	100.603525953129
28.2221622186451	-67.4061602532434	65.9658784851075
39.8906373826606	-12.9488473496770	10.2754807451421
43.4135762095004	-9.09343776583250	57.0751190304673
50.0885154687922	-12.6279667077810	81.9662836315666
28.6604704127539	-33.7449785103415	67.8741060373968
11.2599647874711	4.97587967896993	22.6212379704172
18.8261039221171	-24.2271829846836	70.0792786626849
1.76320262782928	-24.8587368649776	57.2674964769208
35.9215866638389	-41.8556982465808	42.4232853188976
26.4057668923609	-24.8396745659806	93.0912713006035
46.8531865956090	-3.50437532220710	18.7885210557388
41.0111914094110	6.95805225375719	18.3887778907343
26.7906452997801	-51.0102205307567	56.0862266628923
54.7664608108315	-18.7399595197727	46.2951081472905
27.9711068189339	-45.8885460543253	87.6301088394975
19.7508730547114	-56.3896217773778	77.6372848686423
-6.75861506045669	-23.5418995191404	39.5657325637239
22.5879702512513	-54.5789516686530	51.9056921296810
22.8643887209124	-47.9274118814253	40.0908362385186
37.7925158963802	-26.5816258150629	13.5439147185663
23.0349265600261	-40.8633252428098	34.7593185412102
46.0166722103669	-36.4121556233042	34.4516761296862
10.6021544704503	-55.0013225328054	54.1104709773022
-4.16472407374384	-46.9360622813299	50.8650060117489
26.1875088850156	-23.3939197696627	4.92398034797964
40.1482120194365	-26.0481661265718	82.6339372158503
19.9216457166987	-51.3594732048969	42.3333400426183
25.6231865169770	-60.4867782125970	57.7187407184385
50.0105905025897	-17.1850557422335	82.1881358791773
34.7147199249879	6.43344348512100	11.9805691996340
-12.2071514104270	-36.3035407055663	36.6996047403923
40.7312465425342	-37.3432464656465	78.1355532198990
29.8597444524568	6.14884285633299	14.6974220991543
20.2077456678003	3.47581979719934	21.9141114696017
23.2383074732634	-48.3413321569459	89.5612079909190
30.8083122690260	-31.7356127342313	66.6176562214790
50.9763891638557	-20.3826695201501	56.7702653433667
27.1464878078331	-19.2958116402095	112.662690855516
56.0046125264055	-9.39053434880526	42.8178796377716
40.3046624789724	-4.74574489408996	52.3463131618880
-7.89862219231973	-37.2430683517080	38.7908227907166
41.1189822305481	-33.9794140261838	86.4476950820205
24.0148208973885	-24.4774919030098	112.985548793156
35.5005173661733	-26.3310243340403	11.9813669855633
19.2467613942784	-53.3504448448221	82.2371607249220
56.0149399757813	-18.5713897460879	93.3459719743229
3.35480902412849	-33.2229502412668	35.0902468910965
30.5144616531866	-60.5862219129688	58.2603207102803
12.9175588449822	-58.2223683821357	68.4704453003911
-13.7082624216201	-32.8962796288407	40.1146108367519
39.8393771403023	-52.1104854868185	72.0262881379066
33.9008588946514	-37.3043877227040	61.1905583160461
54.0630818666557	-24.7039808350349	26.9278991662272
2.66416937578552	-48.4580913165440	25.1062192319022
9.56021686409033	-1.48963487323766	21.9306163477799
33.8063051627081	-40.2473157797954	75.8290444707405
33.4842599346201	-39.7255854870332	21.0603364084808
20.4693921380947	-6.43477253517556	12.6551687078094
53.6968709860304	-16.7633898100094	93.3067114676292
15.4600086697401	-45.9719972676516	80.7288184027915
52.5261298241609	-5.69265563253577	40.2959214819025
-5.79947305148253	-25.7320097085078	39.1490842112288
-2.62512717187833	-44.7466938049776	45.2351014912567
15.8068874865679	-9.67475976892197	57.8265566801459
28.1731388952423	-30.2730083478909	8.27941528958633
0.333493677768555	-38.8332086113849	33.9588081923996
35.9024763148887	-41.2158811734009	23.5060867722178
50.8788414783962	-15.2434613134152	82.4603151659469
12.9275557346721	-49.5709121547687	38.7052267661807
23.7238130772138	-51.8873431648812	59.0622664863503
4.52900512827088	-20.8637079178693	51.8490742396617
4.04352337789106	-47.2292630516502	64.1231526807837
39.8151585211286	-43.2691523017273	30.8973379936210
-2.86929768278618	-40.1775990478882	60.4930852551635
19.7437778485407	-37.6826632214368	14.7740958073423
35.5114942492912	-15.5167102486717	7.83413340777026
44.3561793869054	-8.16033507279247	8.84668916987242
29.4888323275331	-28.0756709736710	70.1308192098776
20.4577928790530	-35.6602930256774	93.6178970251716
32.6448742126201	-35.7298572103217	78.5194067264736
11.2839083757850	-15.1044961516351	59.9424168249882
41.2146972202226	-1.70837822393345	48.1866585088591
14.3691550061781	4.43300576603915	23.0822943477144
1.49985697918107	-17.2045609360735	36.8732293507194
-2.51776932760150	-44.2347916486527	60.1571924411351
-4.56812999587636	-18.5804831150572	37.4308413327602
9.94569475259445	-48.3098886441967	69.2864819934661
37.4913362107894	3.05385869935063	43.8847536092406
3.38300847003490	-22.9923053483028	58.4902687211712
53.2244604413181	-29.7980012842453	45.8375501578949
20.0683231350479	-19.0559587834438	12.9191462777302
19.6794304056055	-55.2519757037219	58.9640317833618
3.21631327726400	-10.7477896471668	43.6158775950369
28.9074243713287	-40.8029178722762	37.0740101809632
-2.00810913128811	-14.1280246043679	33.6915995680662
51.4031152092588	-15.8086999988318	52.9885071119157
29.2658347929431	-37.9363412224138	97.6396220698375
18.9336843081443	-62.8415468008364	72.1376840244448
39.2697459774250	-35.8617907169637	75.0675909249172
14.2911577969849	2.92220154828688	32.3469598308476
18.8627559392065	0.327736731168892	16.3698043144309
4.25653128429576	-43.4929657982651	41.9738641147321
34.9965021697058	-24.8541611959768	7.78301695143498
7.15606038434985	-4.50811237794862	49.5424398934245
34.1218234285559	-42.8331764412900	74.9440461553914
36.0479174118960	-55.9369461392712	69.0909272254508
10.7563133599225	-20.3319921890521	59.4430355477203
-0.481228692128043	-52.1656259969898	50.6598585679387
26.1003915520015	-62.7171863336639	58.1839427684945
8.59081333773068	-43.9735338443283	29.4665415103940
-3.94179810632758	-46.4111222943872	57.1335000737153
35.2662816412237	0.834779407245637	20.3726351861142
34.5879158107774	-43.0636511427181	80.3160360737938
4.43099668425918	-38.3403271942295	38.0671571104589
32.7497573380664	-28.1335418901960	61.9400448017295
49.0185489504676	-30.8977351573968	54.5109629275955
19.9780024869339	-49.0573564722036	41.6692731129989
28.3443755313450	-64.1062518662314	61.7526842118672
39.8652740521226	-12.7099250185698	5.84888369437303
16.0740348752796	-54.6048453537535	79.1548128606648
35.7146957156946	-42.4431398081020	80.8346370298110
47.0983627025246	-35.2358713806102	43.1582403965303
34.6755048419988	0.898411829365751	8.07758233150178
8.97159757520506	-39.2509248814667	76.0902724507241
34.4749548083518	-29.9544535052403	12.1978659547138
35.1722805809368	-46.1206282099096	81.5351356134113
24.2906110308769	-44.4255043330569	86.0084626838110
19.6161693885058	-45.2350519759515	85.2288269755798
52.6836902581766	-27.7409796168120	36.7835459459952
39.5114506741597	0.0514575955207963	7.81095068455013
4.45699685300069	-50.4489464822849	62.0266504048023
35.4844771860928	-48.5673376432184	67.6920813535930
10.4603404321448	1.70230055306573	28.8536242856590
25.2034593160598	7.29070631258666	32.1871535365027
19.9267940325233	-46.5974192343542	84.8958760614967
47.6199134015153	-4.53009778279254	13.8228028649740
-3.75994038248508	-33.1422484180670	50.5871093289109
50.8582617082094	-17.1745924926111	80.2163988004043
38.9791693156421	-47.5473268503395	73.7099487014806
28.0950126448252	-32.5723136408869	94.7245256278574
23.9388472731414	-67.0166063282728	71.1594172441758
11.0491539059147	-41.0950439438692	16.4330384316911
33.4857410201358	-33.2339393014165	77.1664071662206
29.0273719876095	-21.5275660753649	102.289122702055
44.9875392012661	-23.4289990660810	85.8420487209336
33.0404280339928	-47.3723624383954	28.2547373631477
29.3855706170666	-29.9859118357750	91.0156300830409
44.8780655946519	-26.5533147183183	18.4412018681392
-3.29959268424708	-23.6548842474522	32.6994170784972
47.7891961699189	-33.9175164487181	38.0631163055943
48.3593587022406	-31.4082096633038	86.8466244329827
2.52273397586135	-26.9429588003452	23.9063590587122
0.335520835047249	-25.0051989139620	55.7347050942715
16.6141219062882	-4.27647340260102	18.3530932739910
43.5139908791951	4.01607343872996	32.5399127155623
31.2876863500028	5.04578999826031	31.8986612289642
19.2004487793486	-34.1488975594544	89.3536207587708
11.9824881383982	-34.7244468050537	73.2930525364222
33.1982102221956	-38.5023793710611	63.2821322383037
31.2316483159312	3.91052997292135	39.2185214418571
51.2679833358229	-3.44256949204474	42.4012344651793
27.4722737745325	-36.8088492241500	17.6870278686431
24.2334047723631	-28.9059888726468	9.38026010266625
28.9847404217219	-45.7752965087290	30.2989960507157
20.8532520662372	-20.0195997446614	9.70196056582053
26.3872630111468	-45.7369771317139	87.8088876665477
2.43905297661289	-25.8899039513067	48.1930684605203
35.5424609511121	-40.3312231982412	60.1405928131940
51.8358368675373	-24.8895687999787	90.1995218756553
9.89781271904728	-39.9730306146609	17.2872507605281
38.3298757832976	-31.5926158567645	13.5801956417328
-3.35712018438334	-31.4462768561546	60.0892999377973
22.6316282485216	-12.4075684773334	104.760929141415
54.8410494348485	-14.1910747817093	34.9058669756313
30.3331587830407	-53.1849759629657	59.0928830534773
-1.84745953407050	-7.36382440154329	35.1881058327411
42.4001293594398	-11.3455281602862	12.4447137788297
5.15553659396500	-1.20939406230930	32.1369464503528
36.1429764799530	-33.7876898010639	61.1622574194261
4.34845873397675	-53.6461733934280	56.5256111440697
45.8601219173595	-1.15449387077215	42.9984731913071
25.1528340394260	-22.0972989552678	67.0088938943556
-5.60523963434695	-46.2343956743055	27.8933300699744
20.5538821943321	-65.0208998188232	66.7910603881492
7.40033634345024	-42.3812729240865	26.8327277240804
43.1562753140954	-10.8978547762795	13.6318213325236
-3.62280944642196	-33.2504757059551	58.8043600567065
9.17213670677688	-45.8782791991563	37.0173022698981
29.5237200195784	-22.5630453456623	6.48069888539718
23.0030613366477	-27.4849355509128	103.545580860039
17.9537382676128	-47.1751511428041	37.4137192776395
26.0339090795931	-23.1045983715407	4.74586222103078
19.1312591000441	4.35387006654310	42.0634663149043
-4.33429574406595	-47.0521408860329	25.8579179450653
35.3402580605615	-8.91433640738015	56.3377415513815
33.8727405045828	-43.0979089398060	58.6420091706745
28.9645669136247	-41.3596072837288	82.4855338942450
17.0196208642824	-35.9436508784849	80.7763913612035
49.5884455631302	-26.8065933712258	24.1517390410822
23.6430832709554	-59.4846780593039	76.8027540443042
41.1778930129331	-36.8888183468692	78.8056195416499
24.3812740596841	0.904829320248416	18.1670987980026
27.8031606279689	-13.6494871406720	60.9363579505463
4.10177020184594	-53.0425628067118	51.8302610495689
44.0189302959680	-36.8623540025264	44.2799229167952
38.1196767860374	5.04678563089701	30.8018331263099
2.56475061381133	-46.6075956135610	22.7296005325419
4.32730315335064	-1.42624004214221	34.8294417604519
25.2441558217411	-38.2397743559001	15.5756317865818
36.4063875872639	-49.2090881110044	78.5671869221678
35.6631488412182	7.62726777559137	18.4720534068381
6.82029119518421	-10.6457626262148	47.2461265598440
24.8927489716966	-36.8905781950382	92.5853116354064
33.8246186748342	3.35479205690565	34.0017568521473
23.2334183134180	4.70250622887329	39.8249079678527
25.2624177721683	5.79260261220197	34.2271690524333
49.0675720279385	-8.57547121098120	21.5565859845772
28.6161539012904	-32.3301318689711	94.0112203578716
30.7162107672115	-42.2878016092546	83.1516207336478
25.6073980502779	-29.9532397776617	72.7850204890477
41.7062333868604	-0.812060546747439	22.4468228519919
20.1649166031734	-38.1922025307842	85.6064147577590
38.4939535428004	-38.7727096791770	47.1049883006213
1.85264547436951	-12.7110602200154	29.1445838356844
31.0526425289659	-2.67715263436285	49.2426073457398
40.1016448070053	-53.4299219612335	75.5641696662433
16.0163116602361	-42.2827567666788	84.8002655701190
30.7582706263202	-10.6463332854321	7.77785587813122
26.5629722731069	0.737526536087602	16.6092983071866
24.1926048276296	-17.5926493070150	102.911095738426
0.350112276710143	-36.0703253252150	22.7329238834656
27.6856769015730	-29.0529082493125	71.1181877268601
27.6597972379419	-36.5230052240815	83.3995600053049
23.7310604591635	-43.1993522467221	90.8556284208124
15.0433673469628	-56.5226604839767	46.5220079282127
32.1202569664505	-54.6336362287573	63.4115563112111
41.2838356537296	-28.0547609300860	15.3792051762343
6.22934362929874	-1.02220012776202	31.4298365877643
37.7161454194947	-32.4977644494995	61.4724907253611
43.1220786714221	-6.52517735374171	5.19417560618932
54.7296975703139	-21.8159782109514	89.1721311457804
13.8557997090402	-3.77687699368543	53.2270937072256
37.4659606997368	-42.8022900954428	33.5728768772133
50.9352880790331	-9.22395791296614	50.4866706806217
36.3509036278251	-44.1225396981743	79.6483167734884
15.9388458809413	-52.8967844857090	44.3712643068172
28.0794905853264	-30.1066800215892	105.494876669111
54.4510404180490	-18.1248434059624	48.3442852437336
-8.11806457160899	-40.8878700784455	31.8691807926242
12.5309891428012	-55.6891633214109	75.8501269575334
13.1345236678299	-18.9018927221198	16.1081556836027
54.4259604076507	-22.3613088383799	52.3327523722000
44.5993257527582	-31.4791452669453	21.6761585343835
49.2515358573486	-2.46314918782181	28.1887071658342
23.6991181669694	7.41789510401279	28.9500173429131
-5.88584012213909	-9.39072206588766	36.1499711059102
33.1620608956254	-37.7606866520065	82.8203489657963
-8.19597515647945	-39.8542446894063	32.7582159889992
27.5277652170228	-24.0508194548001	104.888107979609
13.6873776588092	-40.0492524448565	22.5863327483476
12.1810665587787	-25.2267847438377	69.9855521299178
18.0594616105569	-38.2569790685374	19.4311214919724
-3.67087950334542	-28.9146727794162	57.8028816644528
25.7045638743156	-61.0133986702709	55.1976873158884
31.8105731639701	3.09674179216113	46.4913019758322
50.1405351765322	-16.6371960632184	82.4536897374731
-14.5846853203407	-38.7513760014424	34.9909500143883
20.2133790237659	8.46973293309250	31.5073025036461
27.8915003372389	-45.9540043872242	47.4215137460804
25.8150024587221	-49.6194465866615	54.7909149171567
0.00545141689640349	-32.3844776799797	65.4433512263850
12.9774116244172	-16.4854326600877	54.0303107618268
4.73382344077526	-15.6266964761708	47.1720611835179
9.15537751797140	-55.0425726386290	59.8850026180371
5.45712199953340	-27.9745387642226	24.1674841910395
19.3993639518270	-61.7324658039734	57.4850140047823
18.9313087957406	4.40243757113465	21.7894092471657
46.4407034106979	-21.1789178071549	85.1987490272212
20.9917396130685	-12.3873463462030	55.9447707369114
2.57857596991191	-51.5382716199305	25.4190756257243
41.7137245000490	-28.6466032460368	78.7547724756431
42.0551720956251	-30.3636086980662	88.6430678840833
28.4731616256459	7.72406853704060	28.9073527188322
42.4082554158691	-0.950711605131870	50.3990791818241
37.1141814497229	-24.2090414438588	10.4487675797480
-3.79654915847361	-21.7444401340623	32.9781946332290
55.4791192951876	-27.1103298646600	36.9858168380426
6.48541466305083	-36.8727552499451	16.5727790779120
14.5647464611976	-5.77417722876329	21.6892878976851
43.4827509770873	-35.0202386751890	47.2000551771795
3.59400152515571	-42.3899715320037	29.4646865509507
42.9613007299648	-31.4854567325132	79.3980043804362
8.83100283548859	-12.7233384114486	49.5659840079401
57.7867530149918	-21.4080895932684	35.8162167950531
30.4292258713233	-43.2075392876151	87.4120350953791
22.0876666295393	-63.7099228421643	59.3868519283635
29.8165558645013	-47.8145435045252	50.7405801767104
17.6829877933985	-23.7669808453262	94.5023192964021
41.9197072369270	-11.6610675435539	56.9455593761811
6.27073643289340	-41.9515930236158	72.1586195637555
53.9872359827171	-23.9301600328357	28.0978711649574
13.2306079788552	-43.4586708604906	13.8672989364803
3.93084538893624	-41.7015052529208	71.0713666957076
2.38788522076213	-52.0931641944035	46.2243055929202
55.1979374114134	-14.9357909792271	86.8202047921259
15.1842314679783	-54.3450507078073	49.3487373142758
41.5708262079035	-27.9889965594434	76.9723837334066
-4.42579489132751	-38.7723554976630	49.2337017217412
19.9217030822379	5.15479015119250	32.2251851705676
33.5335672738255	-44.8227178088288	49.2723226273786
21.4567462663957	-27.9114395223260	71.7840802460995
46.8464964723854	-0.481534928124185	19.8081337323546
54.8715065687176	-25.3384937608826	41.2019468532378
10.0442629537179	-42.9811714273843	34.6534316928180
22.9205915640668	-0.423086214067606	49.2737068441786
30.8293573187703	4.61570917494683	47.9635110588489
48.7634498734186	-14.6965796232546	15.2883927175688
46.8202061090147	-20.1170826913950	16.3096453115551
3.92163726625661	-41.1932740002374	19.2001728626439
39.0602936107015	-21.9101259569171	60.3549627959275
46.8743317203432	-4.61333160354434	17.6124411034746
52.5315969682809	-12.2311469694789	47.0458422145187
33.1146116235034	-59.6191852907775	69.0545319007282
28.8873685473908	-30.3373600281313	96.0688380089944
48.8916183315452	-30.3315764953472	26.7348630150017
17.8926212444917	4.83026815170341	28.9855004078873
54.0970703750331	-25.6004061231625	30.2410743003370
18.9142698136610	-28.4935893074780	93.9658546105618
-5.58257660369718	-41.8184529245912	51.7919585434694
22.1793383977562	1.33501744915030	18.9663781241108
23.1706039391361	0.916657650391267	51.0757161514196
15.5245952062807	-21.8800542204410	65.7384192175960
46.0626000041653	-2.26726506152762	10.7476329205689
9.98400190682879	-51.0474313378659	70.7587798606874
25.7166982464138	-63.1863294148613	79.1518508282798
22.5409549819837	-28.4435854219591	8.36129882488114
31.1007051243902	-44.8649623456992	26.6358308063960
13.6423350588671	-28.5829942435555	69.4601274117759
14.8814618638230	-62.1120984906509	64.8125517232133
-9.22134244933173	-12.8417392103917	39.5475533636056
50.2983273399059	-23.7008248285697	85.1018915022571
3.21364520085024	-32.4981248604365	66.0976072605141
3.28168833081387	-18.2889404391270	41.5622307786815
40.2271103198390	1.73460188133113	18.7613920405151
38.8042626620097	6.44055438177354	17.7989875600995
28.4888113832756	-40.9643645085329	23.2823987301976
21.9882248179770	-66.1053614843988	64.0203403349087
22.8793965136504	-22.3569957418857	9.95377756251963
31.6703512627124	-8.13293419555322	57.7052283204864
13.1594171015688	-13.3312324045254	54.8487927849332
45.5417064996387	-5.31532020671006	20.7425225582118
48.2690078308685	-28.9145539394677	25.9700855737083
4.66427042557430	-23.8383789634530	24.6870534767122
12.9300098746927	-37.6836418371808	25.4618845294331
30.2360523954267	-14.3434057973752	60.4016581774767
19.1254630563752	-41.7700158147599	17.7679253539612
18.3877822118167	-33.8659118478298	74.2358666127280
-5.61522935517238	-37.0189526094270	31.4741239884460
12.4091365599575	-5.26528682071910	21.0797893345193
23.6816752187910	-30.5291393323984	89.5702226009693
49.8538716056476	-4.77459532959084	47.0526113857784
19.4396223624402	-31.0047054459928	92.4185319511217
9.24168455915548	-52.5045259454391	73.0892529450949
27.5434263963285	-21.7614928103409	114.030288689780
27.9476179877356	-38.0730486946918	85.4172259625084
45.4213083992765	-19.7044505735947	14.0040048154909
3.98798813280081	-41.0339273211015	33.1603264045323
1.04739275503186	-50.3874684889032	57.1521117337216
28.7500281565880	-37.6683909188986	13.8349787589788
28.2648579360754	6.38395357876575	35.6933040744204
2.03247291091115	-34.6172774723756	67.3776132127657
5.23133104036882	-1.85303175673488	44.1532518161125
26.5887736238887	3.62363529875656	23.6020347184942
44.2892248018944	-22.1360423171725	78.7372250372344
42.7024886363925	-28.7606149078273	57.4270687820088
53.5982429124647	-17.1901405412115	26.6977127549217
36.4571530322838	-37.1902090350061	20.1262439233177
47.5658421693719	-20.8753244044563	16.8460104951025
18.9885304285506	-49.5448218667377	84.5754781683914
10.4532673647874	-55.3836706820052	70.9553956465020
14.7790905364135	4.71562530857586	35.4993768089407
21.0184615498203	-53.2187490497780	58.1579415644047
15.0019069473737	-26.4732418663474	69.3480069199352
23.5318493271365	-40.9377520849954	24.2474225478263
25.6496229020553	-0.0870306144977953	13.2691713419696
22.3296013843793	-14.8228179038315	60.1409078911178
51.4527604116264	-26.7190902238060	29.0273785614429
37.2533238279796	-48.6471091783060	71.2406561941258
10.5475924418879	-46.8807235972383	71.0998977658820
2.18508670758618	-24.6391730607076	51.8774000167073
51.7268700129784	-18.7857708391832	79.2594546700223
54.7203779854072	-22.9145123346683	45.2990368744224
14.2190176800698	-19.1526751120362	62.5465593573096
26.0036078587753	-50.5670567988482	52.5385010835779
27.0496159719867	-36.2552795810538	80.0670275414647
11.5037674736930	-9.29729355979858	57.5097359439090
46.5282533529395	-8.39607971347040	55.3262867877640
16.0147824634635	-42.6099897696790	30.1491974004022
20.3388212252556	-18.9921222810755	101.922072335497
-5.21619312149297	-29.0118873111691	40.1749164881037
29.9660694402965	2.12110777809472	19.1661484249747
18.4715181928572	-21.0388719196789	97.9240054096848
-0.211251281002242	-49.3536722122061	48.6274606607093
17.7376972905500	-7.23954318773184	58.4215082602163
50.6706637162729	-30.9058294236382	29.4056241438321
44.1994103322969	-9.80806202267313	12.4879091319664
22.4313889575131	4.76495879127120	43.7677117700108
25.7283435170177	-17.6763791097139	111.456312172413
-5.89195233794195	-14.8731652477863	33.3366193465896
14.6371028337166	4.07458093616099	38.4481917936475
25.4927661427987	-38.2448500177369	82.2989329219448
21.9273334654601	-31.1568859733639	8.04052504146902
47.9308493404034	-33.2428749581007	49.9729722951216
22.2914863381972	-43.2367685443224	87.9653396656453
28.9339143422372	-33.6711927526276	93.4563773567400
21.4835859887430	-49.2291282233364	83.8717516351833
0.577787263343247	-48.9425298418219	57.4584932240982
9.31634360430483	-55.0787796490499	52.6221583015511
34.2427126010009	-0.889230012351213	49.1558092798299
44.2031506808672	-40.4531547865469	29.7254788933981
28.5943651999158	-25.6627127746101	69.4994017141893
34.3853373656051	-40.4262020946025	81.9562100949446
0.0725952981865357	-46.7240627050844	53.8198501280061
8.84229089375039	-1.79019634118797	42.4462117504331
1.49022110870350	-43.6312349714156	63.6592742244412
23.3761023859874	-30.8179972627944	89.7286132988003
46.7402364964145	-0.435211279199905	35.9671447322446
40.0184652288167	4.69975491032148	36.6498007984278
28.9719314673734	-47.3556555184166	41.2055677034512
14.6129225114662	-59.4898152526946	75.2068702896432
45.8259923998703	3.29915777312502	8.99144886732285
22.3753253212675	-58.8410015357167	81.7692741607592
22.2884534055541	-39.8479129514882	84.2149192396416
32.8287004426006	-62.0937933939314	69.6224012194355
40.8262143389854	-24.4652746584332	82.9961962599924
39.8882793786714	7.02498851804346	32.0697869069281
20.7964080120763	-37.5133133991725	28.0033432712925
47.3405046457774	-15.4201655284940	20.3706497700737
0.0959701236723269	-52.1171608415572	60.7363009226451
-1.90413325328573	-29.4873336870374	51.4695319482163
53.1289285848384	-5.37218686695797	35.2849422565067
8.82178693119155	-40.5102613905359	36.5217311930943
18.9087937296200	-36.2742478696366	28.2242015009598
19.4860383053454	-28.7107865600624	90.9142510831403
16.7826719907181	-26.4339911786941	11.0459016215286
11.4371137897938	-23.3793119324979	20.3113265178441
-4.29456050635923	-32.1968531126847	38.2287881155616
11.4804246139604	-52.3048915193134	77.2815750469302
10.1554260683451	-43.7306404470859	26.4796782135902
32.0366352228447	-40.7028375543214	70.5044006295533
4.82261419763319	-52.1685667155804	45.3683715310223
27.2696690981453	-39.7014772850706	91.8126130330526
23.4558014942274	-8.36221749615554	56.7709393319133
41.6087191692667	2.33670853264166	39.1040331794101
11.5249691911022	1.60380771339101	41.2325379885839
1.80483061723939	-2.89142297764299	33.8700618081126
23.1383422747030	-40.9147458679234	33.1891685717023
27.9465242810925	-22.3706445732088	65.5168419694318
5.62324642764481	-24.2054635192114	60.6352508699309
26.8049943524040	-14.2694399321713	108.718100503642
32.1467833617091	-23.5278280166409	63.7092502580596
1.31764426587052	-48.5722664030211	28.4247163068641
28.3367012142622	-37.9717985884517	77.0771573252590
48.8522121153768	-17.9664942579388	88.9978013498205
0.683288189922773	-1.56605344001828	29.0811298711823
45.5098162968047	-21.5383433184796	60.5676348325896
55.4454072133202	-22.1002908014942	40.5267603423425
10.9848701161135	5.49542819328598	23.9380191430078
18.5160950645278	-40.9022110869681	15.1074091244505
27.1096407419622	-53.5206048973502	58.7578588093414
43.7158061831201	-31.9608912610091	54.3690621337823
54.0109491504380	-24.9716801877192	47.3549100174030
20.9859562714976	-61.3285863277868	76.7535714710659
47.0838436175528	-5.67171953643084	12.5550623124782
19.3384778106211	-20.7817832990082	96.1650997071446
26.6849645872339	-10.4108626749949	56.7555677494657
-0.592132552513011	-20.2338330201805	45.0977285136177
31.2347320250284	-40.3716811701470	82.6823428292485
10.0069907349336	-5.77798813395229	23.4736436168313
15.9760846851912	-20.2888539247816	61.4897358650176
6.42746527944728	-45.4210014792751	22.4702337835337
25.3347614895471	-60.0533270508499	85.5723852086461
38.0805776938619	-58.1236003432714	73.9600263970552
24.3505534705856	1.44267681955449	48.9115252280663
-2.49661134443347	-10.2378354141542	33.9276330129502
43.9114481695963	-37.8710859077079	86.7750935851648
-11.4308994199594	-32.7730421667436	39.9859629770017
55.1269415348851	-22.1743489289725	34.6678379729016
8.20481214429833	-41.3507069303977	21.4921939390856
41.2678897511106	-35.6181047739584	21.6817397330339
9.53920929838833	-17.1263446521340	48.5329240124149
53.1572974424931	-10.6432299263591	34.6341632962263
18.7381938968546	-18.9835599554779	98.2986273916010
18.7898784030592	6.60278439635499	26.7060076675214
54.3313375711904	-10.0802628680674	28.5346402708468
42.5761193986756	-25.0772807081704	86.0629461668287
6.15961528037585	-8.44099255997329	51.4767398883612
2.18492974099967	-1.73252421002400	30.8136542661937
16.7368643741956	-56.1008112925550	60.1633829193386
22.5308231777642	-55.3334060853035	56.1947430854098
49.2431626683104	-14.4897237664741	57.6950548031279
30.9134679609756	-53.4882769819872	68.1138124055704
11.6182574526209	-14.3078842138640	53.7466047286530
36.3630147322914	-13.7394862750407	5.01991826294076
21.2203166254598	-23.7800935383572	94.2756828412703
33.4430098675128	-31.2568078847044	8.64675430645635
31.7767001846612	-14.6906705423091	63.0474018235578
4.78371113909822	-34.0841205726966	69.7246350459554
43.6857253803799	1.89588852328201	30.2596498610762
25.3099212935834	-47.3284189754158	42.9573249808264
37.5968415735126	-39.8285071482780	77.9352850964397
32.0809773111298	-1.40784695023421	6.03328756458906
48.6944186082669	-31.6769774063501	88.2032717288349
18.4915906240690	-57.0430275059573	60.7879973299922
-4.66121469935436	-44.6315663215138	30.6641415248202
13.8723670055590	-32.2612261314933	13.6088930014092
10.2939094896923	-20.8829178018147	64.6750498483295
26.9336904272991	-16.5505970453664	104.587294340790
5.81884926375339	-16.2263018565798	40.5478888208994
11.5640688873396	-0.994006530616138	53.8315790203690
54.8456505900878	-29.2621828281000	43.3339568068310
21.3081777103197	-43.2002256315385	35.0882964936365
21.5374461318765	-54.3025357784784	47.2841870256064
39.4314554029018	-17.7176797897712	11.6937824307362
19.2840845938402	-19.2171797064907	100.938687440424
25.7882450047076	-2.54902831924691	8.46114761761484
46.1871539826989	-32.1070808500995	36.3908761274359
14.9652802661586	-59.2968018396867	69.3455555536502
31.9488437615027	-23.9873656582905	6.76908131509423
22.5200459557858	-42.3577100007807	88.7326919278548
39.0242825137310	3.48271927631591	9.76459821416252
11.0471863257137	-43.3544345285300	34.7308445975895
7.69574551289697	-0.894284080694662	46.5382304239005
40.4019888759993	-33.9093016278876	19.4648098287956
17.1087684799177	0.591851917477879	19.6237853494910
13.3148153799362	0.0900149648860893	52.1835140692145
24.0005837317994	-50.4226494174056	42.5742214410362
50.0836092763511	-23.6749563597140	55.7555095849983
34.2912348122907	-59.4170838508184	77.3336787686658
31.7050450340439	-36.1453859409501	15.0522915354214
35.2124449317151	-43.5022179530006	38.4414982709157
52.7403368502360	-8.03442126296836	41.9241296403602
39.8195128043680	2.45415234028382	10.0519516734765
12.1686376582266	-12.1790297745310	18.2262319832385
23.3126040905671	-26.2656782186829	68.8725759315733
43.7047387485570	-36.6162780493651	83.9898914894799
9.99499249240885	-19.5878948336965	22.7212000210362
3.14639279885079	-52.8569228184589	57.3741490765048
-1.12297741001703	-25.2586220118520	42.1747792683674
-5.50322578763157	-7.53263823867482	37.9936351643851
6.19742805015819	-43.4131187158455	30.7222616728257
15.2033857795564	-13.0917337420582	59.9766715356822
26.3091612934009	-41.6016223479631	36.7133799721933
25.5750043144446	-65.7356330053496	77.1190465851394
52.1371816301499	-16.6801082421553	83.6635915574056
12.3916084108962	-40.7994516639873	20.9004595931033
19.8884258839861	-3.72248997171974	13.7903746901079
47.4872968347773	-21.8768540492109	77.5528533501177
15.1338404113384	-60.0605233117366	64.3862078338356
-1.14066068513714	-42.0561689234643	65.3792414337239
28.5617483384983	-18.8415749090165	111.319044182523
-8.97346167555103	-15.6276187941180	39.8726076117757
46.8091429901645	3.63846777501802	16.2968895882725
50.4810472228036	-20.1677675322574	89.7134540282718
23.2433970801566	-53.9264876241731	52.0576220557803
-1.76100100154187	-19.4433329507213	35.7447108580592
41.9088927372654	5.27555184504661	39.5443202453272
52.9189560754506	-16.3627720818587	87.6083773930375
18.2733583487074	-52.2495484129471	42.0737097590736
32.0163362699203	-45.4817602284427	41.1432609470029
54.7509937339338	-23.1916223650863	90.1717418997861
49.2890563756961	-30.5103079101161	83.9905745308543
26.9079422869064	-15.7595897130107	111.479649747628
14.3827547972503	2.29692251046751	45.7893464714845
15.7110070639405	-53.4966137070468	44.4542093804700
8.14616621891500	-33.5600360263004	21.8093084889704
4.91830454599266	-42.4949271889379	34.1922124684571
-14.6090756325660	-29.3011775529899	41.0028179344842
22.7584754038275	-45.4425956321000	37.7779325724843
16.4516968201302	-36.8406696584934	8.32248802248004
32.6323538794626	-33.9257750158619	13.6533815030775
48.2329427132354	-22.2545595900451	91.2523797088897
25.4880928193646	-25.5612779885740	108.281409708289
36.3277957578744	-31.6945576136756	14.3624455985973
42.7848062797286	-31.7848303002007	79.0940226609694
34.4492273196211	-40.1376011352366	20.0879815501443
41.6794141086787	-4.24707046874820	54.4263286674142
2.11946236184704	-27.0318063692208	61.9514078912496
6.27019054050543	-10.0439249434846	52.8027949929354
13.2389576661879	-36.5151415740365	16.2135896948643
22.8279801295010	5.66876711218944	26.1510863870964
30.0423437616046	-47.5973144996581	56.5279979802000
8.37378712252735	-56.8705628767211	48.3844495581912
32.2061039242933	-36.4920363506384	76.0994434368340
24.9731741723345	-24.6213986472159	66.6484608789375
16.1311855484934	-55.5124336463909	76.8837188445201
42.5552735141303	0.450617299790361	6.09186023392348
11.2341512732181	2.29866907139723	38.5041816446748
20.1013676923021	-5.40515865787291	58.6686547646726
52.7046377310078	-6.89107343859146	35.3780973499120
32.8624971215217	-31.5759023799837	78.2334932292714
21.7845065626996	-23.1834883358209	106.973560804831
16.1264193232807	-14.9240277683123	59.6640787393232
29.8221690976068	-24.9428034263408	67.8750087125303
2.63505183746033	-8.29193140877258	39.3668749397637
31.4639057893500	2.99800971364022	22.5781434376740
42.8029522737114	-35.3975524716191	86.0931768695988
-4.81613416763923	-39.5953105707900	58.5593465803347
37.4228829821223	-24.3373690869762	11.9889349117889
8.38740096022131	-34.9614538215805	70.9053303464569
-3.27366990987428	-21.1087911859842	36.9475225932315
2.44030597931707	-25.1150464339168	27.4598645661708
-5.32766068714662	-9.21896072078491	34.0337923614174
31.9956198867993	-63.0383269485332	64.3465529539546
28.3253524616680	-21.6182261507967	106.316603160801
28.3999551825162	-7.07336255126382	6.00868055962855
-2.66609169221092	-31.3811535319882	28.6054875040092
26.5892498779245	-9.49892073567972	8.08028747157343
38.8195227384488	-33.6282579079872	73.7720867521288
51.2585126685224	-24.1773774071993	88.8709888582965
53.1774864766795	-25.0349523836720	38.5249874287818
40.1406993801457	-15.5452532791226	62.3317815439618
21.0402198615088	2.33353044832075	49.0157998557328
26.4136928364336	1.55086393073623	52.1319536657169
32.6736725745359	-41.4666353542485	25.2499893189841
35.2417921269314	2.05338097570356	47.7080956249511
7.15533666943078	-44.5453024358181	27.5703318888051
25.9642387753981	-58.1180610155927	56.5225164794886
-4.14542377552375	-51.5639722633740	26.0901851446360
-8.90811723985314	-23.5510777724703	34.0854620503523
26.2066481169563	-42.9239901859951	36.0730650989975
9.56610745446750	-52.2118944825393	40.1215803611766
36.7375403282718	-31.9120540482401	57.8312865010116
9.50812330430405	-50.8352336800443	75.6470135805584
15.4941493273547	-55.8260866443434	56.8117412022767
24.8511634829888	-21.2655142210920	111.030452284931
11.5955680231252	1.86417202065514	33.1813655896142
25.4463889712327	4.93259633102288	27.1742621364446
41.7467819595659	-37.8970497939844	37.9904634747637
43.3354148650909	-0.125199445328601	45.4782199777108
36.5410288885766	-2.22541839472694	5.24566997976057
20.8492397601097	-18.5234586833965	63.8841832186024
14.6236238546970	3.13232817375314	21.5818845073566
16.6287747549131	-67.9675260449388	65.2402445606379
19.5945791877843	-22.2798335824967	11.6458702154194
5.90808040953122	-13.0858988522932	43.5704824112991
27.6343709321605	-50.9812762829947	84.7266784825266
12.3788342983260	-54.7560043339435	64.8452254019613
43.0712512101418	-37.9741480764094	41.1127508120230
46.9247276722588	-35.8073321027322	40.2100483763444
-11.7253109946971	-28.9565364671285	41.3666671030676
25.2260588225611	-27.7086083149166	92.7053968082795
37.9231067771137	-8.99953835862259	5.08132220858234
35.5344778076123	-42.8398711717804	26.8378585114903
34.8375195561188	-14.4490129356670	7.89410367536594
10.1685302373460	-38.6937996201583	16.7018439006828
47.0030114048454	-21.3132667286826	81.4421049261758
18.8403366754074	-64.7051514319154	69.7259460785898
30.4337007623141	-41.5943379326237	61.3205160583322
1.89489165798085	-20.8408755403148	26.7254110114293
25.8417722745319	0.478948061541800	54.0039800036576
36.5386230834848	-58.5625160259173	73.5084151035939
5.90654961610771	-18.0485310019152	49.9666645716308
54.0868948525325	-22.5824232130388	88.9092377284808
-3.36255748119153	-39.5769385087135	60.9486055888428
28.6299520837768	-40.6045100337824	20.9510890936028
44.7763468619844	-30.7209328814376	22.2194081728651
32.9968983992390	6.84046342263263	18.7706847034319
23.8149652292681	-16.1829130847095	8.30446988847327
0.771679275094523	-34.3190649401224	32.9950166996132
46.0565884277790	0.331392670052560	39.5192486290233
-4.04017314847659	-31.9837009864405	37.2451347803783
15.1422592095010	-8.71449553062461	57.7817061849792
3.24890551701154	-14.2880303328389	36.0391136126837
34.3513678389359	-38.0473374752647	76.9348194965621
32.6676858558950	-36.0068173672414	76.8143769679999
54.0390188112270	-10.3918838505763	86.5283411918222
15.9534904705542	-55.5973622956177	53.5631103574147
15.4158337665754	-34.3328625389516	12.4662829804033
4.64172504424312	-25.2306602813528	63.8778391146218
16.3605020759731	-3.40378301319213	54.3920860188528
23.7560262865167	-35.1102793399459	84.7948862311247
27.1320532857159	-33.3930075922301	71.6650419994974
28.9227434430618	-37.2440794055370	84.8399874910679
45.7524024392755	-31.3036725680958	80.8866158739620
17.1954734202864	1.11964828120941	47.1724456071173
30.8465792354022	-9.70356894176903	4.10156769614395
32.9977676468762	-38.2847387361853	67.7021959467939
-1.57721614888134	-22.3018446546574	38.8587116421776
33.9555603178433	-52.3625486660434	81.0704369904323
26.1104676570612	-57.7278978352714	83.5469608007071
43.2812958523404	-35.9118395632315	51.9596136323326
43.3795933209858	-7.61168475061500	14.6080832038783
32.3130273283154	-38.7332019543870	15.6722588571762
35.7887166735774	-12.3398024666491	59.9699317670796
28.8906592335555	-15.2262286752824	109.254970975578
12.9455614819439	5.33682139795330	32.5876574957726
42.6738092790879	-20.8678521434683	12.4515109271941
-2.13840807606043	-27.7341882183028	41.6176008284599
6.63427096457378	-56.4254769476269	55.3915363635498
36.1935599649155	-21.6872306668424	10.4644331378194
25.7204606574000	2.06597887944490	21.2099560094688
3.14220501320899	-7.97204598579725	28.8305885308345
3.52322127097904	-49.2241274666336	40.7579123833299
32.2146204431881	-49.9073629672492	68.2604702337534
27.7627948695380	-21.9651880960938	112.882690977897
30.5824810359405	-21.1665740157086	5.74336492347267
51.2816497490505	-22.2328307276760	24.6883083858597
29.6227307264258	-37.4170090832348	82.9363361179568
29.2335258668089	-46.7640965314650	59.2247451453258
10.8862505046139	-42.3525428323026	17.0075762324682
7.95873004241286	-28.5609429224042	66.5317394252280
0.634553250101257	-44.4141796514759	42.3094201259931
24.7535490420134	-44.2545647110869	39.4978870897783
42.5386170055315	-12.0619217631852	13.2603527839842
38.0857589722558	-13.2268151140190	60.9389121255539
22.3655101359892	-19.1470060768142	8.15215404360027
44.2668748552238	-34.4021587995409	29.5897455934269
7.02832863332048	-26.3686531749212	67.0756279613636
-7.94292439908849	-34.9947589175211	31.1641260290792
11.1869628834941	0.119643551715759	48.9875274320934
-2.90701170351932	-32.2199402767479	38.9317374052502
33.7296175359174	-45.3869596646735	32.6866624011958
15.0726535260111	3.10045439633625	27.0261608646767
36.0763475650831	-42.4178019213245	45.9407178251010
9.84632864145252	-41.7994696919950	75.8802677189668
47.5283783566498	-27.4120202837520	24.1905837317049
18.2862758373067	-37.2234540919821	12.8026592798952
18.6180422484027	-57.7106982668929	82.6323482330323
34.7719915476086	-54.5284057554356	71.2197166889494
46.6809347140880	-13.5994280490657	58.1980524412563
15.9621546905527	-43.6845478872415	34.7074892639934
43.8197414938333	1.03722863719086	28.8777960195333
17.2232437912746	-32.6567955026834	72.4327317131555
42.0193621236317	-31.7954490071563	16.3180214876952
26.4043790592549	-20.5489441092355	98.5457105099197
47.2705070472810	-1.17908916501129	14.2407092705421
23.0270195706473	-63.5964461064061	57.6662409345924
38.4332817126538	-41.3111423064647	50.9529326940586
20.2737857162912	6.71353570573453	35.9878101553582
-4.20787495044548	-33.3346370058615	36.9743493505446
46.3400294136335	-36.8948540144831	29.9426231808931
27.4754193622002	-52.4207370083530	87.4826234453982
-3.79119977180368	-41.3228321765339	54.8493114874493
6.86477557655390	-1.15448651927659	40.4096871500066
28.9606413472138	-43.1237979351289	90.1705747098966
7.16109424875017	-31.7992590626694	68.5968849393892
19.9059955988482	9.04459619365147	29.7026813716060
34.8508459280293	-32.1004164181945	85.2150101178677
42.0662316643252	0.210396218354028	22.6128843407175
27.4255873319138	-68.1151183266799	64.3231014290600
-11.6930670561446	-38.8171312181641	36.7573469785963
54.3304345004932	-19.3352417413906	30.1448136848319
45.3749883315962	5.09257923988300	16.7550192609125
21.7486432295717	-64.0695374186970	72.1558647662327
35.7051406089081	-42.6272447069239	23.7426811221038
37.6260987107552	8.47362801994264	15.2431726505426
21.7464477125784	-17.8095744757473	106.832769834338
12.2173461549872	-39.0744058693136	72.0985241698552
27.2273888549579	-43.6857651328380	25.7456112181242
26.7927984470945	-51.2110444773595	45.6146150842411
4.29366072218643	-3.61570346769411	26.7293486794488
38.4598149218625	-33.0517549725658	86.4766068629580
57.7545622699113	-15.6179534398829	40.2611503136682
14.2418782897984	-40.9382369053809	9.17133029252666
14.5425468345344	-16.7937435651756	15.7120791825188
34.6433620552896	-40.8870559337017	55.4229929102183
3.77283722473011	-5.22421174813318	39.5781407644735
56.4740268801885	-18.2627169360816	92.5057114311151
47.9972130402863	-35.1522039920441	23.5485712215945
-1.44198527982277	-35.8802973469274	41.4426872639951
34.8904969815732	6.76113782149141	24.3403730886597
36.0686412454754	-38.8721118759233	53.4877579475709
49.9304458064351	-3.22459250658724	44.7465694666050
20.1578134914954	-27.0083237944885	7.61275880255255
28.7690566756185	-41.2194618784582	87.4675222200048
23.1530587558587	-33.5797493591839	71.7862034383919
48.4145495928238	-22.7687999246703	16.4106906849777
32.2268356518266	-64.7050041381432	71.4141357352578
0.0178416313562959	-10.9357237981800	40.3314847625112
30.3305580974051	-63.3237930432867	74.2189073657288
21.9725773106549	-30.7036064973201	97.6694670806700
-3.27872265242058	-11.2532920547359	39.4158390798862
10.8159031345111	-54.1457352298539	68.3327999065638
47.5253402153145	-1.31969029419367	24.5573382873773
19.4328659750893	-23.1490260699950	98.2597002712784
23.2029048345454	-53.7610162961206	83.8385134111812
17.6752280019343	-28.0226689185384	13.8823353548555
20.6625308436923	-36.8295314570920	14.1469836225615
37.4986129461828	-6.54853243903551	58.5163930207990
-2.97984458933419	-36.2814892265078	32.0297067086824
-4.64592868045591	-34.9187755571679	58.2002198734507
31.2358260189104	-65.6944939777444	63.1419957511842
49.4110131784460	-28.4620633046447	36.9818688583248
46.6213787994603	-31.5659539603451	29.2462004099613
29.8386331571352	-51.8434395580553	83.2953237985239
19.0422913005611	-49.7741820675802	37.2508665132057
14.6521965022840	-56.3496265443491	62.5642928122096
23.8271184898611	-27.0082300249192	112.359713205074
0.790201027156194	-45.3139199264396	61.6045746218885
23.5981827233953	-51.2102385182910	48.7717656040071
23.1188550366362	-34.6752170848384	77.6230887552502
-5.66177746914003	-9.78050099420353	41.6726972824785
15.2552502000261	4.98283811534749	25.9160429037686
42.7592131060117	-21.9637613640278	16.5794158832602
37.0598418268128	-1.34903672093684	52.3722731297118
29.6939371078177	-33.7740775783480	76.8109715119743
-5.69563575746749	-46.5603882807045	28.4905545602141
50.0895739114434	-25.7116052859887	51.6814173652047
18.1184601124537	0.788089989484929	53.1711200497057
29.5617775049866	-39.4454831676859	19.1343554002080
44.0300492288097	-2.76205296352689	50.5607184277148
56.3291550291787	-22.1430675090554	43.8679434018907
21.9200912453330	-19.4246989544874	103.162918960848
45.5565876521165	-2.11210761841788	21.3338481232085
34.9529039755906	-42.6943890691551	65.7926236718750
44.9277164129091	5.19801689485673	13.5153738179771
44.7615170033018	-16.5350620462989	57.2895565173803
52.6041722779211	-12.2550455156864	27.4046594997908
43.7630936796263	-25.1622396729472	77.1042959181803
42.5277917711661	-30.8088921268989	84.1585765988116
27.1838691587185	-43.9568826742043	89.6761271698851
-1.45977076155406	-28.6362096505440	43.1309376243054
-2.58637086143954	-32.7656537883226	51.6828544780747
56.5148028443306	-14.5471725328503	37.9200902380140
47.8662311764985	-34.3097266386431	37.1145926552281
8.34716044401942	-30.0946012703287	66.6217202180812
22.9697031229030	-30.0803045543212	105.327579048342
28.0600187381080	2.19516527022032	10.7606217823181
40.1539202732026	-36.2511909298223	22.9085504209603
43.5480585910337	0.129649950292077	7.07784672260345
10.8079854951363	-45.6614055640525	79.3129481857490
49.4757428133971	-31.0876428213456	31.6578341474388
27.2544548060287	-21.7094274314860	100.207439051482
45.8272421695326	-35.0988963750797	31.8248842870839
26.9880020706284	-15.9609525503243	7.34902595621376
-0.829886919990576	-46.0545816701099	32.3763548272646
33.8289407716737	-61.1241441896557	73.0056965757083
19.1788920395549	-45.5541174066709	32.3146395744931
17.8579682179417	2.49167499328817	37.9122678403835
29.4345268700330	-33.2240658389806	10.9396240417071
29.8935781235103	-22.0172587739705	6.25345007420253
52.6681545807764	-28.8570257807903	37.8319671484208
27.0182376025919	-47.8122394636356	45.7823186904245
5.01849955967415	-20.5729232252552	54.6578588852845
13.1472512491493	-36.6802930750725	72.2976445542244
17.0978778881604	-38.4865994999075	22.5480382278523
40.6184834607483	-47.0668108188995	77.7980941911602
50.8055406020452	-17.0198314596246	23.9926710305420
39.1389389457112	2.56490607525858	20.9580933332786
2.88337429446491	-34.4080630629605	39.2295383970814
7.46105279552517	-5.75657232249358	45.6071155290557
40.8301181966699	-37.8471382834004	24.1731146976267
-4.25182947880263	-39.3850248835140	45.3288502684889
16.7987250803173	-38.6654821058101	80.3491177084947
8.59852604369137	-40.9235061051304	26.7138249416452
17.2462004841681	-39.9145442588256	18.5433791912477
-0.800008485673108	-33.1787701086845	46.4858002774993
27.9137188392791	-6.24399552080779	54.4291087246723
7.48654906231303	-23.7287037077810	65.3515323030582
48.4820677527071	-3.26014676991596	48.2144141141470
8.81899146854063	-42.0247729343165	36.9037961818777
39.1778118178345	-21.2683885644603	61.7083195848794
52.6719555967667	-8.22809103069026	23.6089351505194
36.3705979940901	-44.5325241935002	34.5417476801263
-3.72452532253984	-43.8229828689430	47.4942272755827
35.0592431912889	-18.8342378743354	60.5801461309561
4.23894615059823	-22.0529047599245	60.9492048080613
26.3017571160369	4.40798247937480	37.8508799654154
29.0519912218646	-31.8955356181571	101.064492368918
30.3157371771586	-35.1123923298893	87.3495011865937
-3.73117066408625	-3.99266098449375	34.6106079621616
20.7512035983797	-52.9617391048451	50.1226112737125
28.0445010905271	-65.1569604827138	75.3807917960542
46.0996323880201	-25.2092546548544	76.3001731918770
12.0740986002997	-36.0551258453858	16.8893601986059
29.2268673627575	-44.8805999806728	42.2160071170687
27.5767377092041	-36.3960064870235	95.9396661726067
31.1189753338831	-37.6594618113254	64.4795467963792
50.2328945943681	-35.5382841374066	47.5959593958299
34.6278022879467	6.21457691178743	40.1567077595272
41.2549862949707	-19.9703528954748	62.1270574005870
-0.983215606996585	-50.1934743140011	24.1880041783673
14.7087415819661	-37.2939330917370	24.9171170518705
34.2145313350509	0.243845121365332	45.3768025987124
-2.89644618469744	-28.9381349947631	46.6796757201686
13.4384121631638	-48.0774433018728	36.7329431970994
24.1443268251745	-15.9662392339554	62.1869737822768
53.0906921619445	-12.7906842363441	91.8948474924108
28.2236572568462	-60.1669864019137	82.4593269725173