37.0714255130939	27.8567044565256	56.2908362161995
12.8725237419182	17.2726862285941	31.6937763565288
30.1289022579462	27.3704855625681	53.1538619365303
36.3720814396048	27.7418104160725	41.8866184640830
22.7877943349342	29.3458782339021	55.3449938294219
55.4553379861187	13.5629283211007	37.2634494256214
33.9245861696700	-8.06226720692767	78.0848902985572
29.0682882562538	-13.4125034091818	73.7425181277878
16.1616224656622	8.54001150428091	29.4756043447872
8.80829837136559	19.4779581253708	35.8685705773844
-3.98642444099037	4.81147845661748	35.5606511284684
-2.88551308964598	-8.53809861503699	31.9459672311894
9.34908475614042	9.79865670928041	80.0179543429342
24.9187431799144	30.4631952959447	57.2146208460152
58.8525645070677	-8.86358875981170	35.0190468047701
-5.82641434782118	2.24781564961513	45.8190110601512
36.2680849839154	-21.7904802293972	60.9980881232297
10.2962256290007	-17.9507015946193	60.6877616395067
0.399918512902385	9.74538003734124	42.1779686424928
60.8861739296757	14.2682587341467	37.5035953750392
-6.95072845106458	-13.7050176514207	70.1968797683385
64.8922408105365	0.166995399321921	45.5983737669479
34.1746020197962	15.3333617715556	108.112291459475
3.00814057509218	-3.67162460803920	37.8000782889721
4.96999017010612	5.52029374253873	29.6803685006376
32.4329120191348	-17.5398530037404	69.3222052690346
54.1486841054152	-0.0543188837051147	73.1802320457702
49.2660341044394	20.2997607400237	44.4261270525188
6.39239793781131	-17.6936154093730	63.0733328882017
35.3031701741401	-20.7931138804792	38.4985566312912
48.1204055928433	23.0209751083330	46.9323602542106
63.5442230244943	12.4483118541731	39.8994095617412
57.6136087340642	-8.19142233792219	48.4862632802279
5.50139995304650	-18.5260362269227	80.0821963682520
19.9188006346206	27.2815367990421	54.3142267451888
11.9343930408645	26.5765849753522	33.4020418841614
53.5275678768264	-16.6159551567435	48.0501804157543
4.81330958233306	17.6243056105068	33.2289537453602
40.1709629149712	24.7672299002297	33.7362494712571
7.62760336251091	-8.71544648520055	37.2451486709062
7.20207634804950	-3.45549160573916	98.8431560278481
15.2182454355283	17.3463046628616	52.7936295778992
14.8655662010955	-18.9458740806009	63.7988507327248
23.2797684156382	-20.1232930168775	45.3175982604809
53.8266036641001	14.5907877625368	58.8538746185402
33.8384312453204	10.6094598498471	101.791660486889
-10.3890651142965	-11.4733142479878	86.5124661453302
45.2624354658015	4.50404887134694	79.1552321151826
33.2393364133441	13.1914493942021	105.909152018999
14.1617845542461	-1.23783692214316	99.7454783084823
46.9027231588723	-17.5292721891171	62.2867456257763
67.7021619711931	7.02338092640803	42.7111925358826
31.1944207825304	-23.8785770154101	56.9330119141352
5.47300423830394	-10.2170009910670	38.2297219336522
45.4375918188406	-14.0181813017129	74.1451970616321
36.9438128768320	24.8472800620965	59.3025484415349
-2.54948304012903	-25.0996275092078	88.2984791471719
39.3063886677963	-13.5021631061143	28.0576083724820
-4.37547587464229	-10.9281905555077	29.9734564896463
11.3280278811639	16.5354902759544	40.9606634286886
58.3004449049622	12.2081255735730	57.6775675317250
26.3469631060784	11.3822939251267	75.7102075889073
45.0024372781655	-10.6999049524829	74.1901679628433
37.8675367491938	26.9121920266964	46.9269085112407
15.0561271990877	-11.8274077786330	37.0888984030160
54.8779942018875	14.5809934467312	49.3778354385724
51.7477065823360	15.1529441930775	33.4941796348795
19.8504735647437	9.47052994082292	77.1392578250952
17.4918672692599	15.0928244523995	75.6824709604821
41.0958643685516	6.70702136599811	27.1192484048515
-10.8214795449917	-3.23049347896939	72.1734790765578
3.74107799421958	-25.8888648760496	75.7448553845442
47.7503169362252	-2.13599080254636	25.8722895604462
4.29072615658882	-16.9823819959957	31.1579631964849
6.48741992030132	34.4887002065996	111.488946167478
29.6827705826444	19.4047293609407	30.7477112912376
-4.19768958560204	5.82817470446049	92.9041529009614
3.24412848119774	-19.2211281003304	78.6408106222901
28.5315304731340	2.16914173197310	97.3219548841456
3.57232559526216	33.8026028964979	114.862731551432
25.9529747855989	-16.7512068794528	67.2280853794842
21.4668943839982	-4.66677892634037	79.7923868603057
9.24048544088914	-16.1390892102424	46.7705502425883
6.53217756407295	-14.0173885503593	32.6569036661669
14.9177726746829	-18.8482301459023	30.8295568738537
30.2999940716906	-23.3449555607892	56.1806878598161
-5.88722519225615	-0.360525610277124	98.0667921846588
27.3647665199606	11.4075583117043	103.040566692183
33.4505245629344	15.9190214546839	103.948331197513
-7.20099359661777	-21.9232136019023	72.9003131113172
15.4849417064517	6.30896951622372	29.6321626256050
14.8709080720437	15.6843202484591	52.7490263444574
-4.78638277554463	-8.54940691653072	97.1322144114772
11.5211511584173	-13.7924611269165	75.0647601528618
4.75157117211989	16.1451563938965	70.4010540985009
3.35714629579253	8.47284757018984	94.6700652008122
18.6865205481878	2.74997870440639	28.6857522381666
20.4216140792865	24.6053396683170	65.0561117062114
16.4164165988833	4.70433696486436	32.1147714055836
-5.77013090059581	6.60960949320298	36.5035882444675
43.7617988751378	-14.4821583890856	33.1362918445921
39.7374487775768	-17.7914608283131	58.0703134926209
0.790700172880765	16.2883793712608	63.8436667233325
51.5530112575153	-18.7387580331194	45.9792361888906
-3.33408143243010	3.54275686283651	45.7588253814896
-10.8963354163657	-1.34010520358850	55.0796824895220
17.6642403744925	-9.69710404355306	39.7838532104436
49.8529886041577	-14.2849796499471	39.0870404932570
42.9050590092239	-14.1287461946757	28.9737619373524
62.7212827114513	-3.47354664118589	41.1514648930640
7.55222609969605	2.14600233407631	94.3177727711145
28.3581823026312	-21.4922021531775	46.8779166084535
15.4602416867757	-16.4042217516560	50.1845109427763
41.3110152568742	-21.0171750457945	36.1343799970278
16.3171398500628	18.2623504583761	41.1381814137362
33.4806190080974	-16.5510759408399	63.1534625835727
2.97523889265221	27.1081854171361	112.879460097281
53.9324538363264	-0.0255208104665456	24.0826991622641
3.26891021382079	1.95712324969281	36.5245553949362
52.1692074386779	-1.93469336613767	75.3705337410671
25.4394830265420	24.9618344284614	34.6114152124305
17.1424698692799	-10.6598163073944	28.4655111895300
51.8976937916254	9.86065024162379	70.9516443169600
-11.2093599619325	-8.95057000550580	86.0105595247985
58.7392850437789	-3.61121955862602	40.4713775126753
27.6071978751055	21.2315068411719	31.1202528660335
10.0985494790034	-15.0840211483808	29.7658453570113
19.3585415303583	-18.4085875514891	31.1371431530688
-13.8050949364439	1.38617992147232	68.3246782413277
3.27822457495501	30.4016835789389	116.274665555080
-6.67360063150090	-14.8568638815719	55.7719091888704
36.7074717247241	-4.55941212647564	27.9803466350520
4.73091595331178	-20.1850698489656	76.2459840555258
25.9325437523688	-18.6823156030830	38.1798049434811
22.6968030807990	-24.2847680733974	48.7263605314976
0.249195866166300	7.58390639881776	85.4188712331878
59.7725518555260	3.76660034214271	62.1404732386803
-4.94784717965448	5.71098355385122	80.4875324183865
64.1282471435859	7.58845123610707	41.1238947063165
19.5470310318777	-19.3717653704077	56.1918257194771
-6.50622352876240	2.89099596682470	91.5901678704393
44.3776512135276	-18.6089760579935	36.1074394061675
3.58140991583700	-17.0783875440784	70.8801726921754
23.1560914449552	4.02537745329352	94.1157166607615
-2.63606399089581	-14.5401614958380	68.2949161291185
41.1213707764129	14.0098020612860	74.1339611238359
15.3827643568128	26.3881963697379	57.1986905582568
3.27425014332169	8.75697035642424	86.5689242228757
-0.200645177109951	9.00317352643103	41.0198624285899
25.5997762088590	28.5025492019642	51.7480800312315
36.9188042191033	-17.3023501151810	59.6709729408963
27.6772171416858	-20.5096602522655	39.8570282896483
34.0859034630907	-22.3265751998155	36.2545241756881
31.2826993600259	0.684958876513461	30.3916725721976
-12.7813640927085	-1.74223583947739	74.8252793996066
21.5118453665244	29.4778894790882	45.6401461980943
21.6846316485032	-18.0852866949865	67.5692557943367
-14.2898791330482	-6.66078387441713	81.0563329171723
59.4240451903575	-3.38050567038108	58.8392562100586
2.97223301518402	21.3078449031621	110.219562832742
24.6719560582597	4.86831043267973	28.5874864193284
45.8921651347724	14.8003946831383	30.1669256046887
11.4817848680922	-14.5356939691577	36.8382329104501
22.0799773677043	1.95284611401696	108.116885795872
8.83514341267938	3.52239111760792	95.5962185084056
30.9948315589671	27.7859713578826	40.4661523973939
53.0213039034721	-13.1538972598750	68.5754999732649
32.1739662858463	-13.5698816448063	26.0319155577631
-10.4016500818055	8.41156648985197	60.0928037356972
3.05521804319412	-20.8873605533229	74.4021003599971
23.6276362113475	-19.4556146894310	32.0390276192683
3.11739723701064	9.42784156006495	105.190022288498
3.00494158308014	12.1506039664119	103.085898245674
-15.3742860143233	-9.82232716817249	76.5558933228880
31.6683271007291	12.9264878011955	115.045720868115
43.3091263884234	-22.5127694235787	52.8973085668103
59.2390382522638	9.88534432096206	29.9367081571182
61.5477659219981	-6.26070058985400	41.5025289395611
68.2438112585498	-0.856728303194899	36.9853690231456
3.99781638653873	-19.5661404350980	55.9009301051987
20.9941529377785	14.5398220114278	74.7249838428831
3.06192658278368	1.70883391248887	96.4788061605556
35.8510934226486	-14.7460892908469	69.3268412276583
1.38032636297232	30.8474944455687	115.880164486791
-2.22351218871038	20.9395188887557	112.780167693233
-4.81697560485358	-18.7376386559041	63.0757550814502
33.3636830421112	-13.6453103129435	26.4307112962303
36.5778187868531	22.8496104939111	35.5539750476264
56.3883345290780	15.5366066556512	53.2341367416986
-8.02136451034736	-13.9265261492655	64.9492248018490
33.0047740430753	-23.0384074052202	45.1661782149597
-6.17214720422490	-11.3516580816753	49.6266136013650
5.24801283792937	18.0494873832209	60.5233917104950
19.2706013265983	7.66496649306509	104.065030999538
15.5799079736973	-2.10903152339623	96.9300976776931
18.9220031692129	18.1606276687708	69.3008322036033
3.65753402056086	14.1440424894256	102.313016124832
25.7992037005982	-20.0424655986332	40.7590157474818
1.63916937170215	18.3664722656889	55.5239283710417
5.59380931231430	-8.52322127668091	37.6678028259802
18.1926895277945	9.65615416151857	100.234213240944
41.3270543703116	-18.1240635371476	39.7379949000285
6.40268138908989	6.08577247534170	84.5643019192570
-11.2221291263555	2.02896127309193	74.7321476112931
6.01297291881597	-9.37786329021228	41.9674930771298
4.22106013994814	13.9816499669598	66.7003247580173
11.5861644451420	23.5692468158760	31.4392410816070
59.7054210590741	7.49518734596247	49.4946698348073
68.0526034128492	2.31638752895254	39.9781492604363
10.2329047175789	18.5436581895971	50.7038915267373
4.97172140184175	-9.48441572616265	42.2172180542650
35.5289351185427	23.6043959392157	61.4026853253244
10.9314922194775	6.62342254534479	83.6512932289262
26.6663878538519	12.0272926647731	106.535357434841
-6.55060195507852	-22.6128776304184	88.7309275734554
56.4135119369889	-7.74693062439093	37.8741605579693
3.57892504844000	21.6664833826250	99.4971342807634
6.19733126545805	-14.1731017740808	28.6239781840800
38.5381042955400	-2.77222292337023	78.8546796872664
40.0117116021710	23.7043738937530	32.8895007287108
9.14616025545695	-14.6489492408130	71.4735451871777
30.4760854096884	8.33469574752287	110.969504536666
23.7263085006958	-11.8177811961651	28.1437395019293
-2.15257198243531	-16.0451354734930	57.2998427820889
36.8546579019186	-7.43453516790495	24.3230942609182
58.3458541118460	-9.54709321603503	42.0691011041025
54.3316497883364	9.93967056981144	69.2940634636723
34.0159784687938	-25.0123754667370	49.0994925563208
60.5872526073931	0.846999464653338	64.3426053498789
40.7207025967271	-20.9738776043728	43.9633136937967
18.8979846336186	-18.9458938729470	59.5764114304092
29.4002060885665	29.2330473844516	47.5203760805158
-1.73107618036754	-27.5899678114657	75.3097730145867
59.5915986465247	4.77829222560484	27.8377505110884
-2.57114191580637	11.5840611658589	72.0800904836252
51.4438007267414	4.69764147403645	74.9947219804329
14.8307897738588	21.7225183330576	61.1145138701957
-1.97511593199400	17.5061246754239	61.5349474172751
-9.04499992742028	6.87307093430143	56.4689407713847
33.3176295620166	28.3080809305881	50.0371138281190
-1.83934215493643	12.5683113796261	48.4309496072215
48.9019217765821	20.8285733797417	42.1420890854020
28.8469001173199	14.0795635177903	109.254115305913
-0.300046910954269	-21.2442728919441	92.3084606398885
-0.571428418896446	-6.56950004343535	97.4566813826573
29.3592125207446	8.14450633282180	110.902167706270
5.68029169843011	-12.3414681360884	41.6736407892212
6.33322652914801	17.6344746696616	100.692781673118
25.6715335294046	28.0030797183004	53.0465307783985
-5.48018730801266	-11.7515014545233	71.5979521632229
28.3519668116770	25.1516866521462	34.4441535439988
64.5677352453465	-5.03194101955921	31.8134491072068
-12.2922500857796	-18.1823283418412	80.0872573917385
13.5805398174698	-13.2628921728525	42.9346206716928
35.0656027239891	27.8082415833914	38.4482006351494
41.8183507504774	-8.64877036361437	26.7600354582931
45.3905611929374	22.6258105694196	45.0876913328955
16.4536950191850	4.59395242800076	103.856222326009
53.3432487848393	-13.8869748477680	60.5911518899721
40.3683205794515	-16.0083753658854	73.1412310996894
67.1518960187968	4.89273185973471	44.1795090300799
10.2934791378158	-2.51544395371765	91.1956390323372
-1.05663745974367	2.83886886653253	101.190803886214
-0.729454069256615	28.3673361841778	114.690279992249
-8.62400748104050	-0.430944469573818	88.6629388185292
-2.97328299576262	5.56708638064420	75.9392653983278
46.5195366680944	-15.0162297025399	66.3780923931854
49.7456263339273	13.7447148742292	30.6654993522739
-5.21108634976947	9.13686741155421	49.3386527062763
-8.77278606541089	-23.7859951669810	78.2414737520902
9.09196005526418	5.05060109077002	89.9396769521192
-3.93070974361484	14.5948686865644	68.4784592717543
-9.30894899940937	2.20862035488201	78.2449844501286
-12.0714405679735	-7.47122148453194	87.3248681358069
54.7647568904935	-9.29384698043054	69.5728471918908
30.9722262263998	13.8833011129317	111.313195169699
11.1907863455867	4.26366483430029	92.6337712961327
1.05443600295987	-17.1532462509348	69.7669348094834
4.31983053823007	-1.44153830955506	37.7392251332972
30.6903437078882	-10.9813105494564	27.3404785144764
13.2600316689703	14.8953812412606	42.0511241615301
57.5525478694469	14.4306961648389	30.8781889014645
-4.15860944337392	5.78889963929346	83.3821455189667
43.2727050654325	-20.9081475178342	45.9950635031445
-1.40193332556061	9.59660834049105	77.1661765926511
59.0293724383977	10.7956873190906	61.3508791840003
43.5262656348188	-20.9606279628289	58.5032746123045
13.9373659993307	16.0617550582440	39.3657169412338
-4.93166747139204	16.2597788020081	106.565264595662
16.6564770371548	-16.9502076689675	58.9032649361688
53.5661473138387	15.7230293189036	65.9438558568268
62.5943429454645	0.0683453815809365	30.3914848998241
24.0073963939450	-21.9892134874647	53.6008371648188
1.25925753001856	26.4135043336469	98.7143320816430
1.66448248454987	19.1453637698340	96.2484394095528
23.6745969222901	-18.3040401199639	69.4680038590428
36.2661828088856	-9.90166866485638	25.3730319585235
59.6945663982027	5.01092993962144	53.5043943709048
51.4978112707054	-3.21961293644362	26.3371772768902
43.3325177193871	22.4844573463175	31.4357033743356
38.1090263456400	26.3547061769351	36.1488695108534
47.7620243497802	-7.88612007125199	27.0973423339022
10.7136712061694	-12.7848943716103	93.6000220328693
35.7977998826713	28.1096418796493	47.5706204847772
-10.0367635512106	-14.2819331210647	90.3414650340928
6.39208099407418	-0.137500518061024	97.3956352696951
-9.17860787315399	-23.3079964290056	80.0177317504663
37.4993932757339	26.8993485914597	49.4891830110647
34.2071915884670	26.0459952701756	42.2512510847593
66.7923416887798	-1.27934490297518	43.5901173521407
13.8056399813598	-4.10524969069848	83.3267107906316
37.7646775183419	22.9182156658594	27.4683855775744
58.1469646625637	10.0155495305677	43.0260350513888
-10.8411096532999	8.86361203789882	66.4258261415730
11.5958789912961	1.18190339192163	81.8623409478651
4.70811201359767	32.9096430886711	107.535154354158
51.1221142443331	11.6210238892025	28.3124002421104
-0.605713678251405	25.6523411082886	102.210108582925
-7.00916928812765	6.29281086805452	86.6317193222540
21.7394510433335	-17.2470213769919	47.1745190904876
1.77280636578408	-16.4496324897805	31.7584264961889
33.1424924821919	10.2941628240884	29.1468102516593
59.4335979750976	4.30936544564584	45.9081632068076
21.1476974590162	1.30370723046797	95.2164914500978
-7.90477078933421	3.99605854799446	50.9454082273616
-4.36944566230008	21.2382623165168	110.044749784945
27.3927707897200	26.2213198492736	34.8734853970659
3.93930225001141	-18.6072021320566	92.0210002408687
0.733192600472147	16.5218368545009	33.9796518946954
12.8190258411715	8.06023949640036	80.7855052156552
24.7338742260479	3.60072168928392	95.0460452819575
50.4117272162253	-6.51051522052813	30.2335819104034
27.4322957897578	7.11227182514623	76.0678076450535
-5.03949829969073	-7.57576345637198	30.7791937969016
10.5390585931511	22.6243999508319	39.5755424054655
54.4224812381343	-11.1569317239558	44.9757299008415
-4.89428745979958	-9.01540761459753	32.0450482440821
31.7417806662995	6.42700185564847	96.1703375602538
-12.2098029383503	-1.69795492888014	71.8035777150408
-1.97973141625383	-2.88163162775578	44.9821280367623
38.9618848673345	26.8522297460615	51.1880626471579
16.2852320934193	19.3127387697399	52.7288659806553
-4.04160305634237	6.27438304633279	39.0668047946424
16.9288534899932	2.35617136323792	92.8459731793503
47.9453790698520	16.3764390030154	69.3050493111916
-2.07448525007823	8.22137583036172	91.7541700316514
52.4047860673465	-18.1351727503226	55.1846336614759
19.1531095347249	-0.463950521592862	30.2843742101004
37.4134851040431	-14.1571453290437	75.4269642045496
10.0991021637559	-4.13075600452185	91.8645359449381
-2.81551586388790	11.0354148470977	107.004076046971
56.9451336789818	-7.61558135912839	56.2507716053896
23.5340678677250	18.6906116505421	65.1976709959431
15.2201069379273	-8.43068001082843	75.4587392503400
54.6482718839871	-10.6276587935294	46.0340186286876
57.7227842025896	-7.24844027566206	29.0782213509156
-1.94530151076922	-18.5067314894173	54.2758200027881
17.0940621000918	20.1688172553193	46.2985088887440
59.6431364792688	11.4572024982692	60.5548720895432
32.3727510823429	-19.3887186430616	59.8084524391593
15.2932474972843	-17.1437987765701	54.7394342171128
14.8544985097210	-19.9860409033397	26.1249414766549
-1.05229439622889	7.60136689739324	90.1196546561348
3.09954409604747	1.62602844010951	41.6766054034855
61.1642088942816	0.998613610754150	46.2600985740368
15.8356738588981	-13.0782621725667	73.4614561428358
14.6568968896487	21.2937001574986	31.8489509119127
35.3699036053366	18.9687204399770	73.0992228631368
-3.34833995737087	3.75529565181847	90.8572011411446
4.91230332835848	13.5104035813315	42.1599741035271
28.4097599774410	10.9311457341226	98.7263400780139
8.03366846088650	21.5989897372719	37.8870225557526
42.8395152769319	23.3242364258127	50.8062231516773
23.1552212071961	24.9687045395462	65.6388943682686
23.0334734394965	3.93213726247036	108.006435944687
15.2302778660652	-0.559347676670695	91.2929948043079
-6.09217760955450	-7.49194481347208	98.1519049488790
51.9163830932671	-14.6754380677621	39.0178447018870
-11.7682577931087	2.89898866801773	55.7849851863096
-13.6390279100874	-5.27395329758369	62.7005531468321
44.4029237920696	-20.4340577329148	52.2993662129141
41.6350307143619	14.2224909512333	26.8378701507370
-11.5938969978507	-5.07416968330949	90.1574923748458
36.4900984756794	-22.1049540523606	41.7594834174655
-14.3815590077192	-3.91951627536260	61.1087753897278
28.0915177788232	26.5659543741954	48.0929855569621
35.1163769916069	15.8853378745126	113.366143859930
-12.8626834238859	-12.6605071899579	75.2559369043745
-0.699775195436313	27.4638233487770	100.643495429156
1.08916405531455	19.6431950022068	103.300999050732
59.1254689434966	6.68641579954815	66.0845302621148
27.6605343701733	-23.8597883070419	58.0918535639198
38.8090702019509	-18.6643271774675	32.5746452992257
3.59409027980511	4.85390554321720	98.5824892658569
-1.86586598457816	18.0350366191070	103.213383118539
11.2090403524253	-12.9963782573288	80.7145198034517
59.3124633984288	-8.37904883112604	31.0145306870409
3.63167073297382	-15.3888141398186	50.6768518442382
38.9229702223746	-18.2447235166755	63.6192939854882
59.9123764079924	-5.38616683906813	41.2241386872944
28.8669940387991	-23.6727174907672	55.8342925194088
37.9325417420045	-13.1281199007108	78.0825844518084
-7.16640978849115	12.3632647888748	70.4252215583436
51.2077274739186	-10.6725250565425	36.9270766524660
13.3842027576479	20.2689091770499	33.3208235024098
36.7700810308779	-21.7111042274653	57.8385778237768
5.69803491192856	5.00613755452159	87.7344556517319
-0.0943399467727595	-7.19121951556516	43.8885582962784
34.3917876533634	16.9843704126471	71.4941424804321
-4.99375565396398	4.59218807180420	31.6059448970647
-5.49102491959012	-25.8594482730502	82.8323448584104
52.7196855158261	-15.3060612198535	45.9655033897712
-0.493214100205964	-9.81252763800447	34.2785740968322
-2.47798378041614	4.13950742321303	29.9266789992570
25.4593123641865	25.8129649606789	31.4270953535910
61.6294839479706	12.6682900059866	40.2383059875070
29.7311233827214	9.00723778827574	115.368287863165
7.71584557961406	14.7684171196952	39.5277661798276
-8.44627828775287	8.71066580594104	51.1485895318059
11.8279724701619	13.1100088266785	79.4463430831761
6.12139621530687	23.2445819776686	103.421494379076
22.2243889013973	6.84665233843056	78.0620424275221
18.4808493440063	26.2033859098899	36.0180708947455
-0.00529986575320507	3.65632072091683	101.075313993256
5.13977576375919	5.50486501295881	99.0515975528579
23.0589447894422	-18.7299578032337	56.9795002065432
55.7238296351715	-7.35321866544146	38.6027238389625
14.9600956753470	-15.4772704491076	51.5218474923394
26.6344030062187	-5.86712716874140	79.5311587381271
35.2996035257224	27.1601070207560	58.4555248905969
9.90933506912955	19.4030786279198	64.1550083061044
7.31494106925113	11.8500541585362	31.9335062227362
18.4970208496604	-12.0153622918132	29.0816425582940
4.35513561776622	-2.12477417445110	34.2034952250225
-13.6702821848014	2.71320283369524	63.5793877126014
-7.81970442255655	4.28035944736120	34.5797507888035
36.1127076017674	17.8579881718961	29.4738933161003
-0.600068368218761	-12.7292469799531	34.1535065392784
46.8158020523026	-15.9094047454209	35.0049669501319
-11.3690713510841	-5.37400791943374	97.1372568629472
11.4942616677836	6.34787380932521	82.4367528178698
42.0317472653797	24.1266752933918	33.6981540371349
5.82769279810345	32.2301056371697	112.936452608332
26.0834831902696	15.9903866247365	74.6501328109122
48.3574909269004	16.2778301386631	60.8300098975984
7.32622582280422	16.6800869673152	100.593675196682
4.60361025521098	28.5079807421574	108.132711234703
1.21581048343885	14.9647757675920	109.051181349668
40.1054343743218	20.7232962905019	63.5139527468344
20.6472518974626	-10.1655087511557	41.6050241346254
46.3061055956782	18.5243344385531	66.2777094977194
41.6460175994081	14.5305922876087	27.6817879945157
46.5680771623550	21.7392121113271	36.6566914278281
33.1126449160976	-24.2957908248428	42.2797522676063
9.33848912112474	-3.05412982168875	95.4728154321042
24.0576011946655	20.3619400845411	31.2395138078612
10.4434322367055	-14.4584847262998	31.7212000821017
-11.1439611072514	-5.96505753228190	95.4985259473285
31.5500586159105	10.7432715374052	98.8990702236530
6.38125328267108	-19.8923157615355	87.6497988973369
-9.18018707206023	-10.3346509456637	97.3800038248507
17.2252049951092	23.2872889343599	40.2974401397681
6.74568469118121	20.3357998914558	58.2801950647670
21.0780819745421	25.6382672886550	59.6633751226196
12.7159662885704	1.17211843128510	87.8694952875844
15.3864541793388	-9.40102490233302	30.2745741307614
47.1344903163023	-8.35495870156741	75.4372215621087
53.7929000046344	15.3558669402944	58.7493179800296
15.4822889058857	-3.53139315637781	79.1393801345199
7.52579015231433	-15.6436980668941	69.8650940246325
-10.1146993132757	0.691137424818161	58.0875217968305
1.24693681473231	-22.8466222746089	83.2301085401275
-11.5718986826283	-18.0076814662166	75.0262687731219
-5.83811018245239	-17.5182424505128	67.0017228051786
-8.90612281861813	-11.5496900567600	56.7744735767399
55.7819832120261	15.1398703149325	43.6011684206659
50.9090559657567	-16.1841476280447	49.2672908404039
19.4953025630593	-18.9517481490270	62.3564255212350
63.4041736560517	3.97744425026125	30.8766141810931
-10.4370274576950	-6.57795903978820	87.1359945655754
2.90977838654289	18.0498024080561	67.5175272497868
56.7920880207009	-11.3576230948430	57.4744308249529
18.7555118509047	3.31886751643559	105.973330864788
39.5023226554943	16.4073865327983	71.4621498137763
4.70078076790663	-10.1851236453274	46.0297549213240
9.26289004077155	-19.0240184323340	55.1030918217929
30.0883172706111	-4.98221099088312	77.9604192777274
1.19170972865248	-23.7002390175895	87.8551197218646
14.1635617635890	-13.7162831535797	34.6374813303955
-0.387275341788687	-18.7421843812910	94.0852925171737
-1.41778573022246	10.9911860595941	100.507042119043
15.2872067922745	-14.1792611272275	70.2438784535778
42.2934853600322	-17.9478177390748	35.6396377102508
51.6598895452558	17.9759502247349	38.6553690354820
26.5652075236661	17.8159102941114	65.5812989735316
6.22502073373806	-15.5888741317291	93.2979131087046
8.79126928312611	-14.2290042799133	87.3512293830694
-8.85070544906344	3.33737206687314	33.5972998997308
5.57624925371168	-12.5602849868879	45.2967522909269
34.8026816822667	24.4846218121328	29.2015916020015
-10.9123040509495	-6.36572763576300	56.6880601438801
1.46237136429705	24.6535774127006	108.928860671529
36.5637062439568	20.2575989087745	65.3480094792459
11.3997844407496	17.9436932767075	63.8467885301808
0.110202607750633	13.1481348572945	99.7698851640064
-15.5745108144895	-11.0615059116802	79.4050440894750
-10.0836272450488	-23.5477510191996	74.1032377084713
47.5783110627022	-16.4530150632369	56.7373824602744
19.3867260000779	-15.3340542416113	31.9075098485257
2.25267334359288	17.8915259314514	60.6511525453762
6.80224827642647	26.4239017191365	31.9430780062547
28.7843882790531	28.0435690023117	39.6489410870052
-10.3983810791428	7.12152166077457	57.5631739615502
-11.2279450275928	-2.33321205074081	52.2595811342456
30.5459304059139	-22.8988582320682	37.6532656734511
0.350260704876014	14.7742440610452	68.3148705066995
45.3578442931103	11.3821548555854	25.2232505101969
31.4872094999639	14.4449448371385	104.892741813576
-9.67218072276920	-8.61674375752676	59.5623808884290
39.8897337640977	-7.72254561129064	78.8178893542359
38.1854811041200	14.9684259714733	31.6470581376577
18.3145834607419	-14.7494932949263	55.6394855522266
39.3723914044207	-24.0264059697215	47.3323860688361
46.9343045738182	21.3708617326339	60.5799921946936
-11.6045488267963	4.54365974591505	80.7073010511616
29.2494227792152	18.8461344628468	68.8858180021468
-2.76219751725887	6.32440692369016	93.7168060638432
47.3732400815417	20.4944452559581	61.9711442366253
35.2114171668861	-0.168357709768847	80.6303170663942
-11.2507255710601	-16.6116496566844	73.4557171379934
2.02308762280068	10.4720607345687	103.655730204226
19.5634071380040	20.8806099014358	63.9054953105560
6.18314531959684	32.8792086096425	108.138533218333
-1.05514724958674	-14.3026597167604	28.5989725250849
45.8281804847065	-8.23714503399330	28.4019366718808
39.1834193289945	-18.2939576156396	29.3113903842556
13.1059926370705	24.7200020097678	37.9433500662351
16.2235968996125	12.7149807253341	76.5503329477236
0.220983195222654	0.422531122143392	32.7206288942865
15.4360738863243	19.6117256542938	58.4461540529438
17.7194705347007	8.05478112307202	101.860850787542
-5.83701863678240	13.8933540533284	57.6325262377382
-3.67029654620880	11.8161681540486	34.2095074063028
14.3685139585024	-9.34806381154671	75.4290351757919
31.6928055523836	-11.6226089240945	25.8428618453356
59.7807722202827	0.834039231523398	26.9615441089587
4.18280450461988	9.64119679837947	47.8890790825244
19.2319051778877	-14.1192124693719	49.1595804874756
23.9565823363960	-20.1421355761194	35.8515734246047
41.3467600905322	15.8581452893588	69.3931410389484
-6.83395470103237	-26.3027122034757	81.6287987700483
15.7100886608631	1.09193914740878	104.127700530634
-8.49064978382236	-2.89146737797032	48.3941813142740
31.4267139988258	11.6526868937954	75.2276289424341
2.08849277887796	6.49875568358068	89.7664647617600
11.3388889013813	4.55963757121012	97.0505496157691
65.8473298970613	9.73370184188668	34.4517888672126
58.1323275909550	-5.56781461268735	65.0601427378521
52.1767325561019	-5.21114353878702	72.7446784840371
-14.1000175756269	0.598551871930049	76.7340637281209
8.62113945182143	-17.3958193760500	89.5035523696027
-10.2525593411903	-4.58245651363776	72.4778221871885
-3.37935063927912	-8.70627838110898	49.5724932388251
60.5985149037168	-2.00240316128917	45.7062452527328
55.5553212084456	12.6875344868456	35.2794944226893
10.5928796107568	2.92745920981783	102.053310386034
17.2101994710375	24.5589104085303	62.3814497978298
-0.374564703718800	-10.1565156412589	31.8794580665704
-10.3241375145588	-11.4344623928378	65.6416090423975
7.63211375151177	-15.1984589756906	89.5457081539039
52.9025736282922	9.07350703073587	71.7197179336533
6.16643190425618	14.2861831595800	53.1965393684852
46.6895391320083	15.6135735521672	32.1965808902871
0.602798657038711	13.5583735637151	36.5875913791104
25.5689130027281	-15.4419322027992	24.9406375539498
2.50435693782542	-22.0548473178942	76.1283090021368
32.4041308979777	20.2508014760660	64.7828989940383
42.0235501199428	-20.5778272035610	60.2435693751328
1.17842188233048	-17.2033399340511	64.3803603731351
9.09899471977066	-12.6543356913149	37.9807122387609
5.91923434802842	0.326374919199933	96.8881979754873
-10.4788240234822	-5.85530410677940	65.6636819976363
57.6886310817665	2.78404691108298	27.9003431346224
29.0346466815565	-24.7754636449007	43.9281998717407
0.107210023881571	-1.35652952841921	98.6119725791991
8.19773471573749	13.4122041700027	46.6103578235567
15.7308782695565	15.7022666676805	74.4023893824515
0.0563550491449192	10.6498806325187	76.9836359413214
23.5112145241082	27.7584686978559	42.4926876349526
32.8443328778535	-20.2510714801512	60.1758276161366
10.8937464689189	-7.55232138892147	89.9004981630805
-9.33667192207618	-20.7358259361906	74.1649703893338
8.69942436119989	-16.5218367694215	71.6076584521340
60.7664985532372	-5.39305664802482	51.0813377921992
52.9816048328675	19.7283095181561	45.8894699742360
-5.00024677398410	-26.3787359059595	79.8517963634516
23.9855599634127	0.998782353899165	78.5676991899543
6.10363992531660	15.2382800988166	36.7373467157506
35.5982636665543	-8.45544228092673	28.6236026072525
-0.0402459017688699	24.1278518752253	100.023731417255
2.07299972269601	14.9902550295539	68.7579366143272
-7.46567078409668	-8.23796727935933	70.1842258522296
46.9899340831770	14.6386310927218	69.6913016889806
12.3955025972579	-2.32414376296683	82.7255900722408
-2.09881375341054	-23.3019198539374	72.6626498396876
51.1037058622742	-13.5162679278207	42.8366015726533
19.8164988867761	22.7554066527102	42.4957054744881
0.969159019550020	22.4349064137880	110.157653107933
2.78275710223198	7.94620700736735	45.5280881751707
46.9821297286061	-19.2329134572466	53.4397188225469
46.9481344726494	-19.5130693654195	52.3571506905246
2.78512145054861	-14.1217408172077	44.6907121890619
2.89308133704619	-1.92994531120036	41.8152943154863
6.90744280455353	-7.33536514519942	29.6317983844308
33.7527346122077	-18.9777059474816	33.0267738883467
-3.32606927137167	19.8196993393373	98.6464614873757
46.6678258040507	-14.5028234075723	36.0960973657305
45.1283012663879	-19.1134362302707	48.2434409107583
11.7539104643289	15.5846034856207	68.0904300438562
25.3294642204483	7.77226050714021	110.853241223311
22.5877665846762	-2.90809107207090	77.0360427566627
25.8229116984280	-0.0703612931249609	30.8654292703093
25.6093723747156	-25.8664697818957	49.2422154116249
-1.14105396732675	18.3399128249008	96.2348022842510
28.4454432960258	4.93527637426630	111.437082279372
19.9788262357073	-18.9325731919036	27.3861385376956
37.2594913839163	-14.8316649412461	30.2117346467826
25.3942670213944	-23.1404925611082	47.2387345266674
4.31127424807509	13.3282993354211	38.9062059213451
0.279391927212505	14.3684453249456	53.2441605313744
32.2003116200278	-25.2741485642257	49.6956335854537
-3.67964122154470	-19.8012685695877	91.2763728871224
31.6273089214217	-19.4029069010471	35.1857045895855
-1.81145881130273	-25.3378499829945	77.6433890177577
-11.2804201362785	-2.01643619887397	67.8989509064276
32.3053142168303	4.92507383621332	79.6804454006429
57.9890216772268	8.59320098507681	44.6408362577601
65.7569507772540	8.25638403597779	39.6227641469782
60.0098272352357	5.97921979459297	56.2877382567507
56.1841834289298	11.3981453053063	64.7939638782213
14.3485921943422	-1.28132495469910	96.3668723465545
17.7707992161596	3.84579394078773	78.8854803884293
3.18982054087680	7.81466856851788	81.9360227840367
10.3041492996427	15.6576251564985	45.2334208021082
-2.92742277249435	-18.2928047024635	59.8778177251217
38.4956534233335	4.58772388778710	79.7335616625381
31.8727515796365	-23.4639535055682	39.6919620593996
2.82774254657289	29.7504482090226	106.639281653503
22.5879354914635	-14.9952063797814	70.8991450429949
-12.5983602034349	-10.7134626885289	93.2430228533711
-6.03238411522867	-1.69137674921340	46.8637991809092
18.3410167150606	-11.2321622220385	71.4882993897230
-2.99589743596285	10.8899517969780	48.1573800532011
30.7764892512331	-21.1012584509281	34.7040214722346
6.17255537257250	6.16000901392686	93.0367555617898
5.14125401619829	-20.1620221692038	57.0862419751433
28.7291479986278	-25.8552490246728	50.6948769330733
35.4468042353410	-17.1637490351859	65.0071602576099
32.1832725189349	-9.30610300241632	76.6927300791960
11.5526858253500	16.7708660643226	32.3276623219228
7.87929505216586	14.7153929408877	73.6996117860762
60.3098882734687	7.37422998689322	52.7652268733727
34.7376591951395	17.3510758778163	108.961271361479
48.9409963895318	-5.32223309755211	76.7823645812458
18.7317568873032	22.2876731629906	46.9626626188604
17.6222309520882	-13.8607209491613	28.0069683764223
53.9220379542137	-14.7128963167449	62.1120367123559
13.2770569975959	18.8803311727350	60.8755259806080
-2.40545187277968	-0.361046352421843	33.4647669094584
22.1698857397384	2.87110341909873	106.336445475687
10.8065040735048	-15.9179852877250	54.1592489595433
42.4719321992506	24.5443298488089	44.5579686357996
32.5247006082808	11.1945502578969	101.456006130087
30.3530687230483	4.20074380909861	76.8024948619286
61.1291509213568	-3.37107759520293	53.8492068818222
15.0226580277086	17.4415296090904	57.7975573889708
23.9830497257822	24.5814890597711	36.5064919632967
1.86839642434472	11.3322282505167	76.3760415288697
57.1546520547001	9.74964173679791	50.5971893020284
28.5854150057613	8.05775540418603	109.443128460348
42.6024826629931	22.9293922598570	57.9203133307813
-6.60015067879813	13.8880726320026	56.6027378148794
31.7341273556390	13.5814672595497	30.3521119960457
18.4135230896901	25.8539171635829	30.6262643185606
4.37041822988713	32.9167771158590	102.631047137289
48.9983470660849	19.1864204077119	57.4065830105318
-6.65454454884899	12.3851142495739	64.2824761971366
7.07070096390928	1.51220758215685	93.0744973219600
-0.289993582184710	-27.0566523269276	83.7017111835015
6.21772224880688	12.8428923653207	40.7640296243781
-1.67989570845738	-6.88632708014331	35.7857573386411
2.67896404500943	10.1908374439753	92.0859733723822
31.7609727777632	28.5718142909201	58.9261346234008
60.7272474375945	13.7867698298467	34.3905889478962
23.2475775219797	-10.9690050249722	28.1625746433676
24.4941352291517	-16.9575642359593	30.8821150564461
16.8674527079556	-2.33467337069824	102.607515119479
48.4611039638958	21.9100807788120	42.0797772012265
55.8894857764793	17.8661209322452	55.4309443610559
44.1068506356797	-20.9895468782318	47.9228586058954
58.7626311065362	-7.31797931699367	63.7309370456061
3.32571133104974	-18.3633547833387	62.7866919370420
-5.99175294592888	-10.8120792279957	49.6811673137307
-8.99288652711983	5.92113619981979	70.7917699243718
45.5274159936289	8.48692211750726	77.6488361484848
48.5880211517501	-10.9648431348241	30.1068874105933
3.09478548777900	2.61897480382236	99.8875156259743
48.8903966635484	-13.3874292707364	67.9008582517328
-2.19059127866611	-3.52734991467048	31.3907956103357
-2.74461744119435	-27.6931790534018	77.5867884590465
24.0014065346752	9.83906251674963	99.7153882199586
65.8863030595182	-0.669663973407547	30.3187692080004
40.4178370835598	13.1140127851691	28.2056944363040
-4.30818168458376	12.0193249004718	98.1789705379889
-2.91431479456844	25.3011328564728	115.918173746810
2.36167358542283	-18.2646012526724	59.7676895016458
52.0177099945274	-13.6433074823254	64.2835326660276
38.8882934329042	-23.0449816983493	52.1527146271328
43.3585775076703	-15.2265894749128	27.8705367893650
-11.1723825097685	5.16262449120576	83.1642450679188
32.6691516584076	7.87728183947806	78.3107071971955
16.6307917999211	-19.7672470024801	28.0104288869647
7.77421258227282	12.2032321145631	31.2512976230766
42.6158645224788	23.4906396973089	52.7456288707745
10.6657264480794	0.247153512167053	91.0183266920840
9.30047858984815	-18.1319407939467	93.0153888867074
33.4711734188136	7.59772011799871	98.7517640674339
4.17831760580772	1.69992829658470	41.4844486327234
17.9752290732763	-14.5176690133855	43.9268468850472
-9.51511947406620	-1.30835085115479	91.9435967366842
47.8300204846051	13.5408413497404	34.5996451288557
29.0467111261396	6.36714025730196	31.5728465114781
14.7822915428608	-17.0993194061289	61.1389304829490
23.3440521768001	6.13525908845537	76.7729302662481
55.2702335932920	-11.9382283395646	53.5013239347741
27.7557185155562	7.40199732147969	103.668568124034
-4.71177253984080	-25.3944148084819	88.6586368183680
3.29285830306101	8.51507856270492	77.2396713564058
55.4068799011097	13.1589012802836	38.8238505214641
17.3870489871645	16.1620137345774	49.4346812161858
8.52640282569633	19.4785369441706	56.6341862312661
-5.81719000335833	10.6295457853645	35.0548926512478
32.9595224551042	13.1010106331189	111.270251597691
28.0751285956731	25.9449924158062	62.7233192666489
4.95341301191993	26.5995534253933	104.669857659033
25.2556447235420	30.8237397037109	47.2357468280232
54.9958600715823	-4.36106494676602	24.6772325042450
45.5577399677420	24.6275224548971	37.7159940578789
59.1659013877425	-5.17023572696043	55.4009043357342
31.5826494174926	17.2476244835286	67.5436081392503
2.87771486847852	-6.31102103260388	96.4722298595372
37.2400947744473	-24.1215138465630	49.5381814036174
44.7461355496047	16.9949985050801	67.1091167389759
3.08031887980207	11.3462523919103	95.3374993926159
11.9441928870339	-14.5448577218363	45.5838629206625
18.7540084947750	1.67515352095353	100.076355843827
21.8135962960007	4.27262765623641	95.8547244124154
29.9703029601675	-13.8219272535383	73.2296172295367
60.3789691364035	-5.01379948723911	31.6064825804821
7.76687550437992	-17.0608764249555	76.8655168566670
-12.4476747773903	-11.3757714654632	78.8039506197948
42.0220215897962	-0.0415854366207480	78.8421265689385
57.5065206111249	8.09164550877759	62.2428727394098
54.2398098799291	-8.71701990233698	35.0401347733636
4.35570418075460	-1.69699300087663	41.9045016127656
10.4683160139819	-11.9205731858649	92.9000656325690
-6.52815954994788	9.35668653816669	73.4578356328342
22.8453016706098	-19.7734347369323	27.8481490064679
64.0128851282927	5.95334691301842	45.5714342767690
1.81444606926748	16.2026293290503	58.2760698409311
16.7338634765734	10.1013190065241	79.0898920017567
29.6575307380699	-19.2173747167553	60.8416139655483
21.5776661503058	-1.39058061351538	98.1263311428195
59.0978019061182	1.49999140669553	46.1321593374971
46.2948822816243	21.1062688649055	42.8101918671146
36.1360065099497	28.0951836284267	42.8735129022073
42.7556448201031	26.1890107321324	40.4823205420062
23.0121201090490	-18.8854878683491	62.0507202893062
8.03327611871970	-13.2413845523226	37.9236023037503
42.5126774437128	20.9328567349030	28.1675665389375
48.5744449650582	12.9017805902384	74.1698022276592
4.21179131438606	-21.7706776605765	81.0536935272604
23.8126228443237	11.4275895939296	76.1260254993106
35.4963583491055	24.3522623965625	61.3808168412982
4.86005285559747	-12.2031041141740	96.3136901688181
0.0520603450128760	-22.7009708668658	72.1175881282161
49.2980956001736	21.2478173657270	35.8382394778566
20.3945853831014	-15.6858133633946	54.0298522930248
55.3185507678366	4.20287039708074	69.2941108971819
21.0626964921838	17.5192962204100	71.3683816698616
27.1518628988661	29.3969778677499	43.3326431737942
5.65951091446684	-17.7656625938998	66.5305846807498
-9.23769750127668	1.10042625696754	86.4381356857158
-10.2464830957278	-20.6714005293297	83.1994495283844
43.8706962002023	-15.8669917221988	68.7551480949829
21.4152727552752	4.59039020114239	100.626587372912
6.63962392674676	22.5514389908997	107.432914072255
12.9881163566478	-10.0245648852601	84.7833080436498
3.74641884965209	-4.71751305552332	38.4121437548135
42.9950757608702	6.75777934174093	79.2055393244001
1.12178858774068	22.8023734742881	96.1262609864228
42.6709732149165	-4.04415077567458	79.5767732332527
17.6854734738806	21.8670813323307	38.7898563846789
41.8669726249570	12.1192185455005	74.0525135710501
-1.83603466908171	-15.6422646308107	70.2706857935048
-4.71290747732709	6.32934790507405	95.7932984500374
2.61181979664848	16.4961982724683	107.440701054284
4.20329014605082	-14.6817717534939	49.2363963142079
29.6359554672124	3.44984644854932	26.5750754286930
-11.2805438709747	-3.31067767453812	59.9927703099653
57.7107422587260	-4.18988434462995	68.9964319240181
10.8175070791262	-17.0410945950543	67.0556359295415
2.06186641662547	3.07192025610308	41.9378362302985
-4.73516080508803	20.9369268951187	109.304717922540
6.79070961900281	13.4714537790303	103.072149413217
-10.9703078420600	-15.9101202103902	88.7844109762421
-10.6988276825503	-6.30796632329161	91.2830347272220
-8.00929297122901	-17.2999329619796	93.4122682820929
-9.63863585999835	-17.1631779277286	82.6696589623155
4.99439553447213	28.3264523647928	106.181481899218
10.5611991812030	-1.29099877049619	91.8469072851813
5.49807457855779	10.4099393366540	99.8219727613871
3.91399671390130	-8.49610193270375	37.2598550161299
47.3983569694517	-14.8061381214369	69.9119588408865
0.988107108020611	14.3299534902464	93.2580678599793
22.6755835106608	-13.1025619055429	73.4162839438792
-13.2617456840750	0.795054301025232	60.3881529744191
11.3759688988766	-17.0615109957817	52.3676435865713
8.30413211612514	-11.8900434802056	86.7419707802054
37.7414354380730	8.21462698392285	76.7289602986188
24.0504399501240	11.9092685054577	102.718895292612
33.3097798181101	-0.568898113873706	25.3839925437325
-1.89992392656961	1.11888943727947	97.5120126236982
40.6339913438910	-22.2269645350880	39.1269007360218
52.8349109709657	-14.4980780143646	54.4331165734653
41.9813915952653	23.6251449304417	42.4717925872993
3.46983923810944	13.8006248798635	48.6063830963810
34.3398032022930	9.89076760265195	102.100904326045
-11.2576406773857	-20.7036447996407	76.6572960959545
23.5304372232226	30.1731203422955	54.4531409198326
26.9702090989596	-15.2173513572450	74.0499381887024
43.3533526219361	14.1462831101216	73.9972075625922
12.6229495538333	12.2533043324600	33.3995437059965
29.4962547471633	27.6976023287083	61.8259497090253
8.59333420658621	2.99420096110604	85.5527763226561
35.2308135433587	18.1140862091886	105.532954871961
39.1396458606047	-22.1219514919188	55.2492910926227
11.2523666432197	-18.0310424470805	65.5351143803092
51.6171609513835	-12.7028395400533	70.3352665168143
27.9890647332311	-10.6724189283054	28.2871454737899
35.6956537054670	11.6113797330510	100.877304746008
18.9328084997762	28.7200698921040	45.3932087955467
0.314872663781397	-14.8669699045992	97.9368997430506
38.6506978979470	25.1964662079519	52.9791440764177
40.6497188574140	-17.6995663202368	66.5317728415264
-6.56267953993966	3.60734627580882	74.3758516661987
5.95186897162747	-16.2868062779697	53.1567520604353
-3.76993872059257	27.5331355830062	114.716562955250
-7.42190473829648	-18.2471576550804	89.6056209704183
65.0460069016466	-4.58621916337504	39.8293815401919
37.4347692433200	-19.8700188478810	56.8209673114274
28.5124243096122	-20.9734115708932	42.4153548413560
8.67274155901614	16.1792386218037	38.3883946286451
-6.00124954048922	-15.8506972443680	58.8562625647847
2.44312247343107	-18.6487092410597	92.0337215486447
8.72607101245579	-19.6220855752557	56.9315456814336
9.39078570978387	-11.5160400551543	32.4516423584525
10.2883687635738	7.63069151181740	79.8149607970245
13.0019056149911	-4.62470451320458	80.1434886771942
18.0297524959206	21.1371507872755	63.8616350664258
48.1039541999342	-0.800364213407562	78.6557130948020
44.0093826635546	-10.1248028209299	25.4584196053982
-7.74286584593846	-13.1005821340163	74.3924520684484
12.8344452018561	-5.81887370085736	94.7253926118039
-4.85947691987468	1.08931247486839	95.3647640940107
-4.45538334506901	-23.3707079461631	75.6593567069230
-7.86842973180415	-2.37893185769177	51.3654799101694
54.4983343527901	16.7094632452113	39.7225755416254
2.92188151290489	24.6929893164679	109.563499098787
7.60266386701847	18.9777408675224	66.6535770736325
-9.32897610642569	1.36769229899321	53.0005377087686
31.3569648345600	15.8466413867588	72.0832756234850
16.5963145029732	-6.12901446935843	79.0326975035894
47.4136723321036	21.3574020550525	53.9436280429665
4.94377898308769	-15.7148985023784	85.9799672502911
-2.78097292852894	-15.9481259922422	67.9665686841750
4.09823147713830	14.4134690560009	96.4635382019000
42.4105132249590	-15.8785136958242	65.7119107626983
11.1099908285175	16.9645104240498	58.7699521784323
50.8641189636878	6.02593844499544	26.1487351347855
14.5991952094130	-8.96837893126057	82.7634104386338
-11.7154418939330	2.35337559034470	84.5227676318742
9.22388689611972	-17.0226915034339	49.3679043934819
-6.19545243315944	12.2526915611906	35.5718470883008
-4.82182194518150	12.0909032944656	59.5659151901074
8.48602595128006	-18.0508959866336	53.3293848698481
-12.8192658432167	-3.13883401785070	82.2522033350941
13.5920879731718	-9.87224728251360	29.9882628750898
20.2202078826017	14.1256656881179	32.1486660443584
40.3443884685407	23.4923170586963	38.2909353670853
-0.631603311543255	20.6611899236091	101.672682817124
51.6493171743903	-16.3451242230797	60.3719939383400
25.3184229826045	29.0703185030315	61.5527454242094
19.0135855449977	-10.8928382805113	35.3876493981414
1.60364767832183	29.1156899473312	103.418128239566
-1.11910527321135	-18.2464217511630	58.0261578007975
55.1864249977144	8.16423218439847	66.8980310052454
9.06245074301798	17.1260565012756	43.7816353267572
28.8304295057632	-16.4873617663720	30.1866591805476
17.9966811377497	1.35728304468289	81.6341713130466
-3.67395377662987	15.4728439571860	56.9446041063226
14.3463487497889	18.5732637511516	67.1229053103589
48.9122041623304	19.7656078220358	34.3020871857608
12.1528393192351	-14.5881813356606	73.1762111682476
44.4811853518681	-4.98151516519866	24.1584371218832
23.0798543319259	24.5571870505829	34.9900945444350
21.8905146221298	-13.8635682852170	24.9576894901408
34.9762207161759	12.5996374885571	71.7920827605870
-3.03015747303661	-2.33750994135982	99.2407320837919
41.9487497000263	20.4502645787114	61.9009231435873
-6.68332668886253	-10.7056929342861	97.3794270254635
1.11820012956134	27.5027812694771	114.366336768298
22.6644979631652	-14.4595991876094	37.0853834370532
10.4257104398918	1.44293387429931	87.8481514625400
5.03451926321462	28.5690625536777	115.357529576695
22.3804802510077	11.1233340719415	74.6622568812926
-7.07045067651103	9.40728029925079	54.8658460844568
4.11604592288493	6.40300094979477	93.2283147560661
32.5067030991445	23.6620922552518	64.5433429035357
4.97534818329720	12.8549903810047	33.3325826504072
8.36315989737499	-15.0889698836339	94.2385155134990
31.9121851145970	3.71616811277214	78.7546710367367
46.1678948208098	21.2892890791412	32.9204492383084
1.23704181187658	3.08063668197664	40.1841137266071
3.75142415974566	32.9841251717133	115.783101932181
67.3879274074450	3.88459191424290	36.6825169362997
15.2781618635014	0.487058012122738	104.421275065211
44.3075979820806	-8.90522967236688	78.4747307055363
53.1433614442410	19.1668608058589	48.9552128354392
21.7996578893232	-15.3119246323555	35.3250745074604
12.4771963736422	15.5523295896836	73.3116335506405
48.5843210496109	-15.1002719312718	69.6131410398275
-10.6705301534369	5.76143047939188	63.0544713471045
12.0036938047577	-5.13584397953450	95.2627717582132
53.1774412498060	8.99759207259528	25.5856709738738
16.6870352973574	1.18544133520377	92.9337509833134
-6.21318833675689	-8.42349963720401	50.4892195297211
42.8299305045146	-11.7488134856674	26.0061196319187
-0.243626918606989	3.10689428250585	99.6416183306893
47.0462380950341	-17.4525088684612	41.9992079188080
-7.73709538901739	-7.43107061474414	54.9686369970179
27.4238051234462	7.58661330927259	96.9322264476113