7.66276502157973	4.65997071396690	35.6401930874100
-24.8760012178877	36.6880178882038	89.5774722151473
14.2281179330193	-2.35871250011034	68.0245463851666
25.1737640414727	36.8949330414865	38.3759976300124
-31.0031970821103	6.16562397491021	90.8892703363458
11.5198653532959	42.9464960686443	72.2427886733511
-10.5376687582739	38.7804204321375	37.3105223114854
-31.8617719048995	10.9873488416805	62.6701518584366
-38.0657107103152	6.57233252119767	76.3149005133811
37.3494705037375	26.5359844866284	58.1362075260974
5.84696645328658	17.6854595295979	85.9292430820172
-12.9921438966448	34.7286665588978	94.6584408421982
-5.91251361017558	32.8492225997116	111.266660164549
14.3041855952313	11.9284912530859	34.9133061112166
-23.5909454239206	40.6978421479628	56.3721001387087
10.9794966065619	42.7425967872128	37.0436849020776
43.1717134837223	17.7351053366255	42.6742963142790
1.75359838905739	33.1017148477465	98.0565522572774
-9.44021222215187	5.14262719372113	49.8180351067273
-15.7714639483520	26.7171431524557	96.9022855512517
39.1595473269882	27.9814780269382	49.5241354856877
-5.43253462356457	4.36417889927177	34.3943831430331
42.8561659934815	10.8107101355405	49.1171164111699
-25.4327295809738	38.9872711722274	56.9470699521116
-13.6295389143116	35.6081112398285	37.8584570032154
4.44964120172859	4.27164295999969	70.7119597439755
37.5003811593214	15.6382974531133	68.1265951282777
19.9048688323892	0.701811156470665	70.1597651393882
-23.7977281217006	63.7077041261157	109.183887095410
-11.8063148897667	43.4655027254556	69.3889575942960
-24.4700231558707	6.20548749754747	33.8062825788501
-2.85863611533469	8.16604747405754	51.5172438844324
28.2473770796784	1.53002491851831	58.6183986133591
7.58263762697764	39.5430384689411	73.4253341865780
-21.3924368973360	6.49099062223746	65.5211516577493
7.96747812779903	37.0663157744779	32.3640620510957
-27.4088595103332	25.3690990540934	33.0287411773893
15.7970455333856	15.8047210854624	84.5542487034572
-4.27273818027296	15.0032485455359	81.1763692902190
-2.56840321012581	42.2005423317446	32.7917355153828
5.49682465447960	-4.96392476329568	58.1060340672049
23.3002989821833	43.1740144454433	46.8404681675242
24.6789136504822	43.2411971289694	45.2465620253668
1.95603356999074	44.6612095268533	108.890783983655
-1.53360519590933	48.2960054207317	62.2292824346875
11.9232739728405	-2.25066608396037	66.0786588890176
-16.2641700464064	31.8090061371927	43.8608272146727
-15.6436886037524	7.71646969211043	58.3161791218337
-9.53901067979795	5.62721923179916	32.3542258851670
-36.0854578329803	14.9190959478713	75.3432684667392
-26.5091785045967	54.2427292082098	99.9627390805881
-21.6750149478820	6.33946726267126	59.2916926417127
-13.4409427047852	41.4465664791494	57.8751679845011
-36.9850276811718	6.35239834964825	83.7922631358391
6.13520402865146	42.9169227089545	116.161116152921
28.5209940419857	10.9281155415234	36.6666949526434
-15.9002340995243	18.1220777471439	41.7339588683484
-26.4316585177479	45.8027262012632	104.191851406179
-12.0530388634744	30.9245007662097	104.346692635300
-35.1813877442397	25.1756493785410	71.7923036002239
-5.01668418765491	31.3214910546143	99.1579827633171
-35.2585210085653	29.8921907048262	65.7694093293722
-21.0526812209063	33.4552147800987	47.1533291560164
21.8759367591896	42.4329580022208	54.6834945670178
21.9808218953852	13.3978023425566	83.7636094853773
33.6500598704882	10.3102294348210	37.6209582435858
38.0570570160862	27.9552856344056	43.2709242741194
21.6080966024309	36.8600918065594	78.7309345894725
-37.6513254511171	17.2756130104662	79.1386777707274
4.54741177091120	48.5991942938562	43.2498951563680
14.7152024759097	45.8566326310977	59.0325707345422
4.72266211376318	5.88105442147870	75.2857556791581
20.8924064956897	43.0007183706394	51.7846975185598
-19.7862006307708	66.5123655397636	108.971094704708
3.88818510352274	40.6004643030091	108.372536475202
-22.2336333228798	48.0926332841104	93.9872838388661
27.1917792856506	33.1533583367565	78.9830322632578
-36.8661865742648	24.5539147899894	59.5028376667885
-20.8772651831569	42.4219649872554	64.7721495917764
4.65296636503399	22.1464004542917	36.4012176255578
22.9377443962098	3.48165877052992	35.0242401609850
-25.0939344648636	8.52867813844083	66.4954724759879
36.9266180660401	7.41834744369194	42.3607864797048
-4.61161805042296	41.6675325733562	54.2799881822455
7.03095466247101	1.56994475318244	69.2738245929571
-4.14192948694723	32.4297818112609	101.382073161464
33.5632941205760	9.68532025499756	44.3390179671930
16.9948977233089	30.5655317372109	32.7927392321308
4.71239184951293	46.5241065308448	40.8878782520708
-18.5051067814788	34.7635785063313	94.9324954382091
0.0265900722572203	44.9687103557097	62.5766956930664
-6.46316465819772	1.82919359146083	34.1899370725779
32.7344117632044	15.4256228699534	35.7651471018748
-26.8519668306488	25.9923363130201	35.2853210661117
36.2730593736812	32.9323780054908	59.3691941808590
-33.6658420302577	16.5617106495873	98.0789670345804
-31.2422912352300	12.3567443088712	70.9933040000292
-10.7351891739574	37.4495819301084	43.9661046977374
-13.2432531771390	4.80609344089379	39.1043830498254
-4.49232174093172	2.90998513016744	40.4289265364380
33.4297258202905	23.3998055416248	75.4702565611198
-27.1077079954893	39.7332012234220	70.0714328065209
35.1198658451761	33.3023331242222	70.3236077522088
-6.10550867900241	24.3328959169243	33.1508519261844
-4.36290036728226	38.9621598614305	77.9676682057129
0.355926602456500	17.2322694203751	34.9052850714165
13.4567351906397	1.22739004387394	38.2053580476635
-33.4785153025951	27.9004418897926	97.3482323225894
5.97927224849485	-1.89837749603442	57.0677268815049
-18.8554772285608	24.6640878891096	38.4135898391896
-26.6243800620327	31.8848208079466	34.2683769133561
-24.9481824631731	57.4193874980170	108.216029908058
20.5462403735887	4.50887347707977	40.0011316213965
-23.3794027625880	19.9667403316709	34.4681063792227
15.7847440830435	14.6147661170994	35.1038447159484
-17.9750440021805	15.3971573325551	94.4602871855564
-13.6182059768450	42.6424070188356	67.1558332045256
-33.4479369287345	10.1154014362311	74.3131594848852
31.2954010163745	33.8622514331746	63.8600288849142
-3.19877230894830	10.3183891954440	43.0313069119167
4.14143604404715	43.3657063758020	72.4097050128504
-0.0975400242459159	43.3470229425225	37.0498978936854
-19.1350693061611	55.8024496421975	104.424552230817
29.2435940111434	4.24531059270572	50.2012931660748
-8.84856636929796	40.1668012591049	59.0046005714686
-20.3332805442327	43.4618807488363	66.4260284499123
32.8239241557597	14.8315501094873	78.8213264440769
-18.3179898810166	41.5169959697309	57.2030303696181
-7.30768053646637	39.3583225197052	78.0543950720176
0.414312445647211	37.6095569324244	101.311817065793
-24.6779072353116	50.9706679137088	100.325605846239
23.5653893871460	30.5079631932044	32.3534181198649
16.1745731262432	44.7023596317413	37.3770709303414
-15.6565588648597	36.5229699508459	31.6436079270404
36.5194992011370	29.0633833723418	65.5030359672670
22.8175732879765	23.8922591993154	82.9774517041941
-30.4551894979249	31.0000444152455	53.9351626396242
24.3078476077116	41.4501718358345	42.7712843302473
-3.14556744684025	40.7053034501842	104.803169848494
-29.5866769055165	23.1167128526324	51.0097128113920
-18.6962126452332	34.1798074658586	98.3358740731748
0.0358152139156367	10.0531241519984	77.0171756269530
-8.81400205476361	0.468602927765794	37.7599488143457
-28.4826376982828	4.93033076514973	87.4983253818972
-15.6213323690444	7.61650352344146	65.0569361335329
-9.52245989202907	7.30393359407640	66.7684401159915
-28.0300951598997	15.2564196052706	53.5154671108730
26.5445175641056	13.1480271115250	78.9214214920169
32.5984591601285	8.72343098110765	71.0335978410371
42.6587859719378	26.8419380655427	49.3665975574299
5.12092117038746	6.08333625549228	37.1598268747171
-9.77765468943040	44.3780359248649	63.3415887155691
-21.7422682407047	55.7088046195035	105.392815005901
36.3624109549262	16.1552926667070	55.8180505349936
-23.6152372390626	63.6716732261947	97.7362075097602
35.1116862631988	8.73922540821367	61.2800024487174
-36.8942507546333	30.0948967578162	87.3028025631209
-24.1374090729062	11.8713864406495	40.7248333033926
31.6004333368424	9.70813203628979	40.8136070094515
23.7750389536857	16.9962125979304	85.6252557809700
-18.5738577825383	65.9236695690569	100.665300814458
-22.1804469561214	29.8265713408802	99.7676115881008
-33.3326984911280	5.62680755401761	84.6084678874785
3.77202403025976	-0.970737086267302	50.4499540131851
-4.46454183375355	0.156269675016191	35.8352527129197
31.1370379925800	29.9812177878497	37.3502156090614
38.1781241697158	16.4996914787941	53.4345228747416
-33.0982077885928	14.7449632200870	67.8920059523232
-11.8474050123070	30.4076124062405	30.8935210951857
-19.8000661350351	6.95993686955701	67.6656997012104
-10.4178281600397	35.3039125473192	108.162348439610
26.5630600812379	26.8787140312103	83.7055449949835
-23.9123532026875	4.29160757787454	79.2170729905486
-3.45045982067449	39.2384815507540	78.3206301743709
-9.85165249430983	8.35380940824114	63.9483208009397
1.58432623694124	-3.53851729062732	60.2089758662131
-32.3748190778272	32.9454408644831	55.0085767024110
27.0208637174422	39.8881395878514	47.5935139181209
-38.5549067704481	21.3906871377399	92.6485214639582
-7.73314706584815	36.0202372732020	81.0852063322269
-30.1952626680437	36.7072854968545	96.6382734396455
-13.4642380730923	6.64474299386752	42.3500290585544
-18.4515764032930	23.6537029766377	32.8094564520082
-22.0975905742029	11.3930624353861	77.7439902420125
29.4532917073192	2.98320979350293	69.6351732521286
18.0511994657949	10.3714720170282	83.0777478582065
-21.1009226840208	65.4613493781996	97.5881448234842
18.1034688180500	31.7599204653105	35.2417340427959
26.3933847766348	1.70759138492231	65.9102477111864
11.2300414970835	43.0446102832605	36.6425556912305
23.8127140854685	1.18298141929299	63.2562899743323
-18.0404867904529	30.1081010945856	43.2201151181611
-17.1750952803289	40.3484895006553	54.1675354366254
12.2992786697812	-3.77874737737612	55.2643111890330
-17.0993252582911	26.0461249051950	97.7285599544151
-31.4850718406536	6.65432776154615	77.3618040791519
-30.1962615235856	36.8171493204120	86.3955473425758
-31.7765336334656	32.6206826193045	75.8499627390826
29.8071062564599	2.76813733026535	57.6058417236532
-3.01097367453049	0.310713169250274	57.6969085766951
37.9983667440579	7.85997510815438	46.5576888902474
-13.5382554576881	16.3703885813213	77.0111029880472
-15.6433776687707	5.46449995485155	57.1013353755431
-30.7982208986862	22.6172079835409	55.2020148933209
29.0649554860861	31.3045456974681	75.4349377729022
20.1346659804697	1.41951855349693	49.6541754507925
-17.8597455701642	27.1618577835387	39.4267830820786
23.6684498331733	39.2956371122706	72.3984355669768
-5.28871636604678	10.5496366469814	36.9036461083111
5.33749614223011	43.5548789301127	66.1527826199987
0.572088608895072	47.7455938323492	63.6070804409673
-34.9875359876492	33.8578472174127	84.6760478116191
-11.2186603768705	6.80241646074123	53.0054009403982
6.71354823949197	47.6659266458340	110.847348637761
-2.82238200995620	46.6312140222301	32.1938390113002
14.1605825349685	33.9622783999292	36.1788527631488
28.1975877614764	23.1183439404076	32.1623726930243
-4.57700825882546	42.4593322712688	54.9733265523619
-18.2315930709076	45.2237203868628	63.9127940896319
-20.6242005275358	13.0946907947543	94.5255150903777
-30.9765225061726	9.43251682876356	56.9947165142933
-5.40715628203990	42.9354972320222	71.3955600238590
-25.3163035551134	11.2388295485027	95.2699435453901
-24.8562707955238	29.3538842507572	99.0283490835465
-23.9624320413188	37.2120431876550	78.2573978146348
-14.8823151667602	7.52835629690134	71.8618423907890
-20.6006246456202	35.6916293287215	98.1961721337001
18.8667992429828	46.5465248050138	64.0256047731056
-39.2449438639537	27.3350940764145	75.1325492591381
-20.7641859679967	45.4827689331249	95.1534062563273
11.3574945831404	49.8868210237330	57.1289846085662
17.4661862340051	-2.68633843505373	64.7607902164601
-25.5767616955929	52.8177428427085	105.948775656662
-22.3753755932895	60.7174376393493	99.8903533228606
3.07748982146704	41.0518310497686	76.3220769437545
-38.9512974682167	10.1463618720929	73.5131592286539
-19.1667141541892	37.0332179400477	79.0485301287126
39.7019600084096	20.9512565077602	63.0378465049208
-15.2032944126661	13.8230632187704	42.0749216140735
9.58247479421367	32.5994287454604	82.5890044672439
42.7887981550004	20.4547612046959	53.0854667846564
-23.8164385316284	27.5472370471318	45.8704216058204
16.2195060674878	20.8826071697738	85.3922964607074
-30.4514386013872	22.7637653761324	50.8524668405081
-22.4090124871700	35.1578967338004	33.3584368208484
23.4241567155218	41.2431341561685	60.9720993280071
44.8019446915122	27.5049814441760	44.2354983000819
-15.5956702186906	13.9456207486353	78.7677762294787
-14.2944777193529	21.4287436870620	40.6595542019842
-3.50357619260802	6.76409229415303	46.4177430368878
-31.0867464276555	12.5655510366065	74.7608240753193
11.3888779466177	43.3189915193872	69.7001793099984
35.8814924749755	12.3174598543338	67.7277494130385
26.8462618486366	37.7424560424447	72.8306639236051
-7.63646165488994	33.3223269864248	41.3239486654078
-8.31022763809252	43.7953278390742	32.2680652969669
-0.936717265131970	4.69387601309781	43.1184751829157
33.8122650286092	25.1989949268448	36.4532812432971
-36.2910011299711	15.1176018777289	94.0256614035432
-2.41486482192614	38.0468107989839	114.127943314284
32.2807438676684	13.8411135770048	72.6106809648710
-3.01463926152673	8.13142880323614	43.8935536467331
30.3159242345223	34.8695658521836	43.9900818730602
36.2085257044375	21.2643747548947	34.0040358471784
-8.32330495141686	40.8526183901396	76.6405507909521
44.0771677847505	25.1453882285798	50.9542213765284
-22.5047753420481	56.9305032904157	98.0466851114451
6.19650904362820	49.9910166667058	58.8091113721713
40.6927269844429	26.8311024139778	39.6129018727138
-37.8479558404971	12.0385030927803	92.6505811033468
-16.0278322434019	36.4009196291034	48.3405354247826
-36.7825278245715	24.8639533093807	67.7760211733253
0.116535567362214	6.03718816883436	32.4921413707235
26.6669956640292	2.21333322864545	46.6585001691575
14.6544550785397	9.83526559139461	81.3401836102025
6.19639416241056	-1.31335971009626	68.1913103414472
-33.9258732215945	9.55540401246309	91.0931074865913
-34.7531845386708	28.7539818014090	87.1027916511985
-17.3019588679409	35.2176944293045	82.3479755657361
10.7008224594760	17.5068141336227	36.4172271102455
-26.3860171770751	42.6928430856603	65.7453401255149
-34.0962963365940	33.5497138655168	83.5412660129469
23.9745554039914	39.1473210135620	40.5333814930984
-6.12987928119513	4.41686351730179	69.2566477370729
-27.7237419322664	38.5583309757612	97.6585098866316
-11.3762777580870	26.3959907553445	86.0653272886295
-26.2720971435038	39.5782435737878	60.8125624069782
0.492447225417275	-2.64002946103890	55.8680274820801
0.434168459781088	43.2325272238685	31.5700360818403
-2.34577704828121	41.8550740035837	37.9200536351216
-26.3670917517394	42.5763820197992	103.951489879234
-10.6693336009953	30.4659978821419	100.387865987042
-29.0439623731540	12.7584213200579	71.7230721126462
-35.9832357252124	5.47330193805476	86.7100674361714
-3.65089872839143	22.1847556821823	84.2254793355529
27.4156537654795	8.48548832145050	36.8327134359522
-15.1627086307824	23.6863065315207	34.7456293572420
-2.90521387272877	7.51392114521003	72.7143528987408
-12.9931843397480	8.94611616539931	60.3653835597529
-1.83266778243857	5.58004731935800	36.1068612283197
-22.8186077295092	18.0690919896027	33.4182244994244
19.9940676345288	-1.54080815401012	60.6786245370895
37.7693684645361	32.3160071298046	52.3135507444353
-33.2292934376611	25.2584869852881	98.8765323822193
-11.4310089399260	35.8057809596948	84.7492223233682
-19.8811685640266	11.4713351187879	50.3333472242597
18.7572966497775	36.8795514845262	79.6140368825185
-22.4364893870114	62.7632566377892	108.305211590524
-22.3155534351507	58.0217172045646	96.3132977923896
-7.45866522032580	42.3569135003156	36.5292295072380
-36.3747584206352	15.9410182255685	61.5081622086420
-10.6606288494283	42.2216061815961	36.6748339079598
-21.3410685054096	38.7322659518842	98.6962839787333
-8.82084489682587	23.7404957798874	84.7173002718174
13.9371907287840	3.06318622861669	72.4389305408203
20.2390251871366	31.0784553024701	34.7281353385915
-20.7943371363165	36.8965819176418	50.6428482331887
-17.6696094263048	9.76001953532164	80.9460542534410
-22.5048862300155	16.5496883488673	36.9098268679436
47.0785705227389	17.7617726886943	47.9322399320485
-13.9866521542420	34.0788499715329	33.2496332691543
2.89400923186594	-0.591784505265160	55.0735611093964
-18.8444502303277	4.55384658968367	37.3528427892402
-1.22750134152169	45.7172211510117	56.2946935146027
10.1477594320135	24.1182589656667	35.2242552909154
20.7467544907905	8.81311598013934	81.5782075390456
-30.8968745563195	2.94033653840969	84.6679857280878
-4.64228551682855	42.8753292804397	63.9625812779592
26.2467238097315	6.66407435085974	76.3354815162286
-32.1266356992570	33.1267145083310	88.2154836656114
11.1600417303513	3.81398204943460	75.7120405623956
20.5206314940175	44.8156385315328	50.1216831009600
0.946712694672061	45.1559701099370	64.6941633623867
-27.1428193886720	22.7235465752695	47.4737296991322
-21.0709432977684	35.1789334833665	92.0460492628016
-34.1793334993678	35.7747427028368	62.0761264275298
7.32256502610042	-3.72208090585512	57.4152520370508
-13.8373197504306	5.03845180890567	33.4635731695436
5.20793664110080	39.6129965495216	104.471631166112
0.355387360604464	45.6390206452575	49.8040894455848
3.97852537376896	2.37563348276080	32.6836237735082
23.5213811847674	12.1434242915166	81.4941899577786
-1.01703204827533	5.89210211183709	69.2159314289358
-23.7228744825294	10.4579974623388	34.8616863691298
3.79507292743545	-1.98805079595489	38.7522011629050
-22.0560347095902	3.82459381667324	33.3384619375329
-21.9201393038729	20.8063605949340	98.3528948257694
-27.4508356039454	62.3064273667035	108.624358578182
-8.77326244789702	9.66294530155769	68.4827049338670
-9.34092862275051	11.5374645890221	73.9619885491465
16.4529976788983	23.2711210455662	84.4823404177698
3.65989561025354	45.6343978713379	33.5687979670407
12.3046437887405	46.3055964705397	43.7574660341553
33.5832793807076	7.15577839818461	65.0341742785335
29.3656495962156	33.3184666282068	75.0514043173886
-21.6602730655472	66.6863543943136	108.885612821560
25.4019825477376	24.2508514131291	84.0424913456830
-35.6128677522452	24.4514436617843	61.6562675372740
-36.4946809833820	34.8015636797575	79.5544719259467
6.41728686293797	4.60088429320504	72.0293875028284
-30.0233908627297	7.43311788803311	65.9710091755364
3.55965219077481	15.3535747844406	34.0666840398265
-25.6850446230822	45.9531474434316	98.2914019536243
32.5569417970724	6.02853156407399	52.9358945742759
11.7483611795783	49.4192173495695	60.2270230971711
-18.0212314555991	39.1793300354792	77.4274112220542
17.0259749857232	42.7688864728082	41.3477047929431
-37.2119869216473	27.8524391027703	76.3751116988507
-1.51455691078170	42.4928099903087	104.136592599310
6.34887865833348	45.7174516097472	63.3177632810475
-26.8429056938837	33.5922880253514	76.2666027243223
15.4794762610940	-3.25574609900873	49.5011796664105
8.76749722022977	47.9689656314753	114.983573895088
-14.7237361442539	6.65201918995374	70.1032967150136
-1.03242997879287	11.4861208093434	80.2350397184791
-34.2114738724213	22.2901131065648	98.0045079861480
19.4754486124282	2.67085781706644	32.6537538111981
47.0454931169183	16.5043201512751	48.8529822992877
-12.4936893028715	37.6816031072835	50.6649000057888
34.2296088137236	29.7830608768925	76.1398487212407
-24.8561687589359	59.5493498392190	105.493320730777
5.66640181248619	43.0810273913475	40.0658035695363
27.2611887858391	39.9809439665466	40.6762837764828
30.9052676622616	25.0477971542227	79.6194093755710
-4.41657250794477	33.0042660194302	106.743271747980
-14.8408436245828	23.2466504396306	87.3369649147891
25.4406799475800	0.773609192204116	53.6428647646466
1.85350298664880	-1.14181965808463	47.9868586152603
16.6048764685579	0.635619124762684	39.3764834728536
21.4305100948378	44.5539337557284	47.5835378549159
-17.1188293678040	28.5347308909468	98.7177632987096
12.9486945904995	1.72806780288089	69.8598175289762
35.1026949674355	29.9180808198564	62.6875371929460
7.44877637942091	17.9473966144147	84.5215655930393
-1.13632743473573	44.7966949097591	43.7742836979690
3.09912087675046	6.99694316313133	73.4667579099337
16.5173745614019	6.35248357072632	78.9784215950435
-33.1134424897359	13.5088642391048	93.4772804337075
29.3420167670107	39.8626620216897	63.8463864692755
12.4005722797102	48.8717145092559	50.5892895699601
-29.2045657322412	18.2062457366695	99.3947245347913
13.2477881594906	-3.68661502817244	43.9738520789822
45.2611086823873	14.4623848040096	39.4459108177694
-22.9929427636605	26.1220659310503	36.8278348435974
3.54257399099349	23.8056448183869	86.2219791011215
10.2327280357673	4.13224318534663	34.3609696797369
-29.6810436194256	38.7951277252412	82.1758200252007
-38.1337922919444	7.33600110936165	80.3844643290761
9.12681581396014	10.2619557550461	82.4746929637223
32.2787705312718	37.3560975313750	44.6748307592859
15.3078666878659	33.5957906956574	80.6189961149469
-29.1154318726117	10.2687456406669	94.5803460884939
-0.718493788795987	43.1029555978609	64.3690914447448
7.45180494081788	6.71613948429872	76.2681699242468
-35.9672929713558	16.7720159281507	76.5060587345988
-13.2886571998640	29.2196116884327	98.1883976312822
15.5045670250652	-3.32455764116757	59.0415895637132
39.6629807220372	22.0711639940768	52.6520664746438
16.1814093352870	0.671481443052059	70.0694451078695
-26.4723861282892	38.2712165344451	73.9904105052445
2.73910971888470	-4.65935729510727	59.8302208782628
-22.9678359278665	6.94172609654441	54.7414449788166
6.61774236997394	38.9097631119738	103.855372270092
45.5443831613095	14.0678397620550	55.3463390446888
2.96858324060688	37.5995999973611	116.413163981066
5.93829296739670	34.1883454154376	80.4977010966902
2.83399558335258	46.0145936762566	46.5773189322416
-2.67765423094693	42.7919793327802	111.479377653181
17.6990980071666	44.2556291833312	46.6892659141863
34.7867271946310	5.97944213684401	39.2706948735664
-15.2042478760095	40.9027344654409	70.9362797216942
-29.4793745616832	35.6746128187232	88.3590608343848
-34.3738339834849	9.31486082897059	93.3508300747025
38.6135674558557	13.0592449384942	53.2500269235968
11.3208106954940	46.6050744797623	45.9078336719464
-6.27861863280357	43.2216354156961	60.3310094768951
-3.27682609919388	0.662330091716076	60.4840703928991
-19.6444713350590	11.6665459627327	40.9682016216956
28.8750910146544	38.6885557114970	51.6092314606020
-37.1344803301145	21.9081594646111	56.9782732201477
14.5491816251172	0.202171312421306	35.9574921311043
-28.8431566616693	46.1381300648884	96.1040661195528
9.55775306173428	30.5865513252249	83.2957109975833
-19.7163069947537	68.0763000861378	109.547298233068
-27.2882978397470	47.3994031045562	92.6938285731260
9.23177363197129	41.7352125481725	33.6413272577731
-36.4230547201631	28.4356761522761	95.0134529704410
-31.4245484601134	33.1213975565929	94.1166200799023
21.3255101537480	47.0180389343230	55.2767742176052
29.9576039342640	19.0062698968981	80.2631980875042
19.0037722837296	5.51371540435538	73.7502410326671
33.3667026358759	29.6954986517783	35.9987779558521
-12.8058642117006	35.4059241058420	97.9345229272776
-7.90078842673111	7.91812985614404	40.5603437812936
-35.7746727007331	27.3647960975475	59.5113821176419
-25.5155822077126	8.79725429628333	70.1206591942139
-1.44256847431242	37.1730938835472	32.9190336608484
35.8007503818635	25.9151462141818	47.8788711873862
2.96055326830684	32.3488845380221	83.0569324411550
-17.4650160689238	6.46459449237538	60.6030280774983
12.5130716835425	1.77319586905107	36.7445648215352
-24.5797253814378	10.2738401512388	73.4451847160681
-25.5840677588461	39.9575095097080	68.0646955792548
-0.173194016529956	40.8166854050445	46.1506657244474
38.4124488354970	12.5956047472342	54.6117072404168
-24.5237703468146	4.78619682293475	61.2138509727935
-11.4099608907384	32.0735219272286	106.397084180102
34.7773802552106	36.2320762597972	59.5141089118465
18.4359953531707	0.355932771930149	61.9908943812286
8.77553631964871	-2.43596434827690	42.2613951661616
-16.0672073823581	8.31361624518154	40.1110288069768
4.23579373098588	41.7204328531617	105.009127231201
11.7817278654171	44.0086509346803	39.5846967880285
18.6406964109905	33.8516729703625	84.3240859757318
35.7634271450088	28.2006727942439	42.8564859943317
15.8890793541837	29.1009190835563	86.4684575781682
-33.4068442840090	17.9584456397760	60.7079944799625
40.3962600939669	16.0648927899933	53.2325872222707
-17.0558217457413	33.1876796029087	90.5060936565481
-14.6362348151389	19.9593335216330	36.0592060080913
-9.39966661519692	30.4307174392670	93.9037950631868
-16.3300758322637	31.3817273584855	90.5960679285177
-2.75371830681946	6.66474520138842	68.4258000132889
47.4325115639226	20.6504438720547	45.6148859413344
3.64350305339944	40.3192925771223	102.953126293918
-22.9470283783440	28.3729142432191	39.1662802029334
-21.8833674131307	45.8393080501869	101.267117311076
15.1060400548577	-5.60145415982730	56.5463157618866
-5.74965492980312	4.36474547985873	57.3470824839930
9.55977415472366	40.2554398132938	32.0036837406384
-17.9636748847819	62.5762952839011	101.257720366850
-30.2996625167883	4.99281855156464	86.6347452802085
-6.25183599175226	19.9896301545814	83.6488089554264
-22.3847851815589	58.4200567147813	103.634840653969
9.87591183279615	49.5491292173580	52.8915494108791
23.0579632672060	39.2310981449730	31.7135409572529
-2.76648191204726	0.251316911968946	39.6799643242022
-25.8999101754751	49.7608370959147	94.9073100920767
-13.4826757408632	17.9408547681968	79.7461019672138
-31.3362520785185	4.55947494270661	78.2947849965265
14.2278464062880	6.60228273573080	74.9281959941276
-11.3010337990173	4.10568157549079	57.5182981304163
-5.99330467634935	6.50781411917911	62.2724497544905
-6.45837882583757	2.10285324623733	40.7224442579401
-1.31485488994206	50.5909152712375	52.4253071630431
17.9161228646431	-1.33649420289001	57.4455178026206
19.4613490080356	32.4547068457233	34.9296702778034
-32.0196783755990	12.3972833460159	72.7920302756497
-27.3029990512763	30.6806224674237	50.4717329712009
12.6026777843238	19.8162060853964	87.6517142762914
-15.0091599591503	14.6398333575366	47.4828431109379
-24.5669185385144	50.9309186948502	106.699936944873
21.5984222723874	21.1333533218738	32.8354256262100
-0.770899435786554	36.9797573233708	105.419698023034
31.9978718264580	38.0171629193450	63.5519764726564
-16.0084689081389	24.1976440604214	40.5419542566598
-8.66413779017876	7.66594643101712	34.9266592656404
7.77246801696523	36.1288199064100	81.1313438380263
-32.9120820333578	33.2670529255535	90.4271480323281
-1.86511840685314	21.3318422566297	33.3713099081488
-24.9199355386494	15.3268666312278	50.5162222307617
-20.9185964123953	44.2449976704824	97.5013200252267
-24.6529688548534	36.1136803287029	84.3565707694458
-8.05902952033166	4.86290530334517	56.0410849405466
2.18741083100617	13.9385997074924	81.4305651305389
-3.32502461606733	37.9513526815640	32.6373017447339
7.77849912301453	41.6132934565610	68.3165308456223
29.9361281321385	7.22018163344938	41.1732613397660
-36.2755498978879	21.1767497199476	64.0571209911386
17.4649472857630	42.5933060720644	38.3155062844500
33.9861323633352	37.4465488452675	54.1498938709211
-35.8920163919747	24.9983030796176	98.5719079712296
-27.4189815237488	8.45938501139627	65.9964805588241
14.3819909419395	26.2073109264977	34.2129951389671
-35.4964938735670	31.2769631723429	61.3468102653176
-27.4862985752345	32.6627774343555	96.7241882015780
-23.2043368136719	63.7485685438277	111.079753548331
-14.8177067231931	41.5497415657554	74.7735415198330
-2.66341390016731	32.7426107544444	81.5485679413159
9.18723437924466	14.0861835937478	85.2613118101019
-12.4778869039596	33.0687526310112	93.7717283666331
13.7444337148720	36.8329946191365	32.3161894843218
-15.5353132863507	24.9435593648979	91.6867374900981
-3.55565595205192	9.34406185386241	77.5889390476947
10.2089647194068	40.7284432237254	106.016236158933
-21.1550608471698	13.8909844007466	97.7260156201397
-15.6817737416083	8.29277844867087	68.9423099857852
21.0692584228803	-0.860553832283163	46.5244101250437
5.36751528049906	2.27335261717985	40.3915460534906
-14.2439335707538	5.72071957081159	50.0441400559623
-24.4068071421370	32.9736178537103	50.0469972581052
6.62268598915215	50.0086602263645	55.1944127814568
-13.3941061145836	30.1382289086826	105.016732287586
-33.3568193464386	33.2007002427495	61.3516913639494
-7.30478582915030	33.7404607481321	44.5867665646966
0.00361535723027462	40.0936622816288	74.4038809612516
-7.82525719280206	30.3109118056036	97.8424150903588
-28.0831974530968	39.8882840656390	92.0041385647168
5.77909473614492	37.3783040037921	78.9414044109352
-34.7556917898719	19.7747208746316	70.0974336883387
-15.8469509969266	16.8021515075454	38.8279867387667
-24.6172393490507	17.8739577111167	47.8037037197153
16.0367377138858	34.9685685849787	80.2191708946743
-25.2190338089643	36.5243015848474	51.6686307346220
-8.10932100724955	41.9103491952687	103.628954649069
38.5581890730009	14.1078149139360	35.0789840882228
-39.4599316701898	20.6229039538501	79.5340933641755
11.9533288577162	45.2655800264257	64.1167569723525
44.8405005776203	19.8173515623963	52.4169195126941
-25.8574903660945	4.64898196578236	75.3938530632646
5.97554303967346	26.5348707381572	86.6971784790758
1.54344269424945	4.70831585097655	68.2124576711864
-28.6834576140476	7.75093454798064	61.5940678392060
34.0168491786905	20.4285402347165	31.7296745897849
16.5038597896413	40.5991986352980	70.6333575633899
41.5726861822479	23.0478173170213	40.4856583416753
-10.8881607242628	39.1328033277394	103.192164535159
-20.7634188874413	67.8106632267505	100.687863866510
-11.2470376689289	30.2632223472753	99.5383295963061
-21.0690499353509	51.5005495597524	99.1587294895379
0.497948763083809	34.1902970696307	79.0755411580176
-20.6838968583620	38.8186561101214	92.5896209689875
-19.5610901040919	7.64354327468205	62.7566186270515
-27.9059603408191	2.02187122125348	78.7418474841797
37.4649679133346	26.3618386661717	68.9402765110807
27.1899144559673	37.3304286444958	40.7491567081806
-28.1912961360793	33.2200807172858	101.173074876006
8.24833214411586	46.7228858729018	46.3307461595041
-11.1201612107913	38.7624547454325	52.5249360930219
-18.3590074476996	34.6376184071292	93.7444389886674
6.63153732672918	-2.12957910425712	49.4815085484217
-41.4485377036606	25.2606323858305	81.0320057172408
-25.7844309864618	57.8785714363961	96.4577306589119
-13.0614063224968	17.2991964548049	87.5565837925710
34.8788439271374	21.9568752527662	68.4838894234713
1.00809894439671	35.2538450777101	34.7822495135889
7.34525259242994	-1.88353222289014	47.4647239318816
18.2767998744508	45.7686646747806	48.1788135706771
24.4430990223460	2.97452829275639	61.5132592643206
18.4166610652968	8.47532126290562	32.4215058269853
-25.0974302263332	25.2666419544915	99.8072547418787
-19.7362494401200	25.4425753722169	99.3432223910162
-6.11167447035893	39.0356416205205	75.1883415383066
-3.25295968963560	43.1771188293628	34.3029317110520
39.8809730591952	21.6934574343211	66.8925342870255
6.02249885091278	9.81619417970943	81.9622131389635
8.10139517473228	-5.04725617749680	52.2015162868499
-36.5563379882082	25.5411801901249	72.1249843511871
2.44577666363828	49.8278177058808	57.3840108602192
-13.5563054549919	35.5162817770372	45.6129068138601
37.5214021199494	15.8927529279013	63.9944587045160
33.8573407892593	9.88910725366083	46.8350548406961
2.02245094051715	-0.278704078870678	63.9734269125934
-17.0810904747391	27.0200172623120	45.8289920724394
-15.3932518391101	35.4093043397850	85.4114297679611
37.5186284179653	10.7798306594180	53.3385167718014
11.1834347990317	24.0056663804965	87.8249892275065
-34.9939350817782	30.9403769836393	90.3016035724630
-23.1238701949068	37.4120193952768	86.1687466720588
16.5609986545897	41.5556558493678	31.7524217022421
8.91122971978952	48.4084984250705	42.8222140778593
-13.2689130919519	6.03343569648944	55.9061222313247
13.4262014396777	48.0544831101865	58.8815826047515
-29.7767969320523	60.9768702120823	109.181219570482
-6.37309637268336	6.24987689851122	59.7603996491222
38.0014272998057	18.2500857388339	57.9458071055514
-6.46869298168762	31.8824729682968	95.8292554345785
-20.5377963330073	11.4700020173792	85.0212618939950
-11.5840007755387	39.6613417846323	75.4012421550100
4.20906139843980	-2.47393331755668	33.0711974008084
25.7548539525623	15.5703594937925	82.0168587657874
28.1472028744677	40.2794913887326	43.2882627282434
-39.3926123757487	19.9002851194836	75.5004905299245
-38.1845515559556	26.8442616451797	80.5653178802697
-27.4066216893218	35.7709162351009	100.514756740849
-2.63031906544749	37.4530281750461	100.453960556427
-30.7181496329587	32.2497426316145	57.9244887713084
6.45271882360962	50.9860705638502	63.0994403450044
-32.4117663567413	17.9429381891638	57.3561383083348
-15.1779167700607	6.20433393681935	39.7891677466459
-17.3878750601528	32.7382809674108	40.3458854608656
20.3705402539143	6.72467696319055	77.3959450586511
35.5824463742148	31.4725685495659	46.3514851514943
8.21183355480582	44.9538137224313	105.945905148143
-30.2305867369552	57.5425003322904	106.387074589642
-19.5414415388593	14.2919463533689	98.4220985628864
-28.6855857218422	36.1362186740107	93.1952216633917
-34.2397518926023	34.7750947859659	68.4533591704257
-19.9882687392451	62.8785363953533	102.775670195257
-3.41161609891171	-0.474258399686999	36.0848492520002
-7.29732829897887	44.1607111453670	69.2996921660692
-23.9854331792446	39.5237556210300	52.5706649105310
-5.98860582988216	7.28660798437589	70.3256383205354
-26.3649718730025	4.48886413682788	83.8946134114809
-3.26986466232473	38.4361643525735	75.5146863178000
10.9106751724552	-1.62997440568923	62.3369194670897
-16.9883631100316	32.9002525955441	38.1150368969922
43.0484837217774	23.8421928753992	43.1861411036172
-10.0287807278425	12.0141007711691	33.4178009420146
21.0218520358426	27.6205338451335	85.7977327261245
24.7747286377455	3.56372598497676	43.2772415067917
-21.0114005847652	13.7742573871399	75.0861695468929
-38.4671799794088	16.6512601920854	89.1830978938160
-19.7513112305019	43.4295896115823	70.2444821807762
41.1378319071614	11.7634364241776	40.4646091473460
11.9775651482209	47.0847047319059	64.7736257697334
13.3345226903353	-4.73080173150672	49.5817340431607
-10.4261995510707	43.6287210469762	61.3525892652837
0.302388564850456	-1.28254602637143	41.9502865946561
-5.00861274119697	40.6694937697977	50.3128089724141
-33.5886472831095	16.8785330351561	74.5917862047416
30.7133036941908	5.90938695734834	58.4285315748717
-25.7664547379912	6.23786183642687	57.4207405011007
-29.8458507917487	26.3120356965298	100.450265250890
-6.66742641751344	31.3492746176780	34.9016967814949
-17.2708109333023	34.6123273412336	102.975045176704
45.7541770070804	11.8695460798551	42.9277829029786
-22.7650199368229	11.7443520945836	32.9579212380823
-8.04408066696624	35.3355234935231	39.5830292074732
-18.5928475285314	14.8110500221163	89.0571688181614
-22.5897607535661	49.8112265299304	93.9321794243576
-37.4599915976971	25.2231706195098	95.8750013839488
-32.7127513954404	29.8786478765970	55.9625542843964
28.7597255977001	34.9452730040757	38.6932087675899
-31.2195513694289	35.2817515738301	54.6144106770454
16.1888660577007	-0.134837341299590	66.7513360826599
15.8564844355440	40.0640034550189	74.9605701335479
19.9871143241157	45.4651240419318	52.8135015325425
41.3162061458993	25.8489220814495	51.7712902881347
21.3750512187483	44.4478939348355	44.1227475658557
-38.1872378409949	8.23043015685024	85.2725897290006
36.6042815784356	7.74360091480228	46.0724533874735
6.78492180718392	-3.61436900682113	67.5198763295983
-14.6663872100548	8.77374927629753	45.3360683320396
28.8036078512194	38.2602877511674	42.4129383296440
11.5396927783720	17.6281862501987	33.8399764632638
31.5446491120491	35.2113740699033	48.8685188936210
6.42354420569259	39.1830923799249	104.084058940051
-30.4779423712192	10.9667049610862	93.8780415413677
-20.5919486169784	4.90932296884714	37.0515512900378
1.62955884503862	2.69999835959155	40.3333020486807
12.6065693269126	6.15740988854259	81.1259095984887
21.5287755850643	13.9163130879069	84.6815236748101
-25.7151301846272	58.4595041700723	93.7200456551234
-0.759589066906320	36.9671879930405	35.6180854022025
-5.27190148710599	27.0661607303250	85.7299505882404
3.79795440361043	35.7744610971601	105.426831936204
-19.4758107100546	38.6104134809410	93.1787502948099
-5.10896623626310	28.3658128628533	34.2970157897001
14.9192110271772	38.8226467117079	75.6097920613462
-1.94087049038266	6.26403126611496	35.5258609453250
-5.79597089814353	5.14709257093371	54.0687849914073
-14.5198107251562	30.0411095892953	94.0396193830630
23.1793347993413	38.0256688502966	33.0526737603313
-38.4794533502200	13.0419164693560	87.7188539628097
-28.7619030243922	38.5285211794023	63.0636242415434
26.7475235522148	42.5962429443006	58.4290917760666
-19.0543462315245	37.0627898334106	85.1931025885721
-9.09221696884956	13.1160359625163	78.3642582438583
-25.1931221518571	10.3117564698960	32.8643996146100
4.30891871616796	48.7150314003300	53.0135837422259
-24.6987702167973	14.3428781797953	100.316559170762
7.33861812392379	-2.36878000971673	59.5279811007775
40.9560797887191	7.64021369597609	44.6262071885545
-8.47498281247491	6.79947186524617	39.1958876249120
-24.9848683650617	32.4294952786657	97.2362254308258
-15.2633970856318	22.7137596442279	43.0685927288619
7.80863553939891	49.2372120610774	53.8081640452122
-13.0703042663032	34.4934859145895	95.5354953527487
-30.0750264333323	15.3083704891971	98.3956850057030
38.2002650014003	12.7238378397421	61.5187396198213
31.3844087356443	28.2704140356338	40.9181343402369
-27.7897644410965	34.3183979928206	98.8108797260528
2.65843479244849	-0.804954712693103	45.5319529080014
27.8738516128232	43.6432716865425	49.9138566927903
27.2704517767299	6.39892503504387	74.0463720246958
-16.9470127627635	34.9154138266061	88.2466156960552
40.5059379790491	20.4354703167711	53.5397240980715
7.23409871599054	43.4947339141812	114.445012039168
-19.3043358646618	27.1538475511446	43.1821310591608
-25.2142629347774	12.7953776470039	35.4104260986015
-14.0763439288776	34.3817946242807	81.1375787300003
-31.1179179848025	26.8614889166745	49.3487461445252
-22.7054056064929	34.2944927852025	94.8403901505672
-24.4635018971208	24.5202473023249	33.9746714653327
-25.4593279167509	51.5593679986282	92.7327262439739
15.3378233167832	5.41656213788023	73.8612945041332
-6.54422224653531	35.5092931842166	110.558537847610
20.9512814059149	-1.88587731480033	52.2818387077467
-39.7320351564767	9.93700106700707	80.7028400937743
33.8307074474458	31.0212202246645	67.8943357116744
-32.3276783003701	2.42517041031132	81.7008151478608
0.416016993481370	-0.944678459962347	68.3851990206779
-30.0670534233599	35.1089080412815	90.1093581125017
23.6148947098830	11.2117554894492	35.0197006446627
31.3726321466880	1.45809658242850	64.0643598519819
-27.5790926116190	44.5360600647565	99.1893481307539
2.38766461252510	41.8966342036909	113.649229176014
2.52995802779534	2.03922607273536	46.4898972345553
22.4327663006298	0.665714049360346	70.4733938725066
-19.3859346788955	9.01256236946784	54.9444374908296
19.8957416131001	40.9926100494900	66.9073735654027
-6.71778847994471	40.8157393640018	53.0298915170104
-18.3817410876528	14.3284419631369	48.1521928751976
-21.7633467231870	43.0299084160206	102.670046847205
-9.06516420011633	17.4885736142091	82.5482094474685
-16.5238959081993	12.7536519336355	76.0727163978642
-38.1620338920941	13.5689383090033	84.5119074838959
35.7368371432699	23.3469693292480	74.6358035421580
33.7280603582592	11.7159259269047	69.6864815641730
42.6757231896615	21.0170994090824	42.0519746046695
-39.7451217905929	25.1654468559545	86.2615160016828
-7.83372752994350	43.5954839740060	74.4517444773950
-0.760423978611066	37.6804219456676	115.353834415259
-11.9195269807101	39.8373462242587	77.8092387922670
-35.7385395063373	26.8121219635731	74.6613484027083
30.3848620503545	3.36666625458655	50.2200642711488
-19.7692634722534	29.1401246795513	100.473259541980
10.7753451573777	36.8109938085282	79.3257946271630
-32.4103948680445	33.7702373729842	73.9752103805672
-38.0260562337575	25.1973466317918	90.4714156685227
-0.733250823085944	0.640037838311145	53.3308480904988
0.941057484647308	31.6272582187202	100.634307091628
-29.2653634848624	29.5795677598899	50.7585687724120
-17.9161951708190	64.0219413727452	108.638699728104
31.3774549777424	28.7560969175661	80.3445002249797
20.6599907056369	41.5188596147164	38.3053228535870
24.4834161668410	0.552426109078727	47.0629268453586
-19.0826921275934	67.8119407873813	107.028331398258
18.9092681630600	0.0144101688384524	67.6875330807201
-7.56726826500661	8.03849591232808	41.5258154580788
-38.7931034246088	19.3961604672365	87.1878282147334
6.19497027242989	45.5010936704103	115.823609822542
4.74631553035085	34.9370565305289	100.705550501585
-15.7260022327229	21.0833865671641	90.3991091452681
-30.9324828169473	35.6870483549260	76.6875618802575
-15.1348969911059	17.3723120784876	43.2207223276825
1.33645887399991	-0.710739035959193	44.6566271540215
-6.47737667242407	33.5074693340084	31.6929601602420
-1.67762116514230	41.8103449740987	68.9426639450305
-25.3780610254406	22.2447635063167	47.0308402777160
-23.0720556813469	9.63877029941030	78.2028499304412
27.4298238860992	-0.917807353927795	59.9482332505867
38.5770151542288	20.9637200701284	37.0458014969792
14.1149150837905	16.8088628299399	87.2831015273262
-24.8858728015278	17.8794247911080	45.4836618893394
-7.66244320030000	40.6638583993066	53.6059343149568
6.08689621987758	44.0879870558542	38.7121626461340
-18.0196984102695	4.18674279684345	61.6912876273303
26.6506714199948	27.5016496625445	33.0949821181135
29.8852235332461	34.3184547830019	37.9830534085282
-10.2486501543438	23.6556770861313	84.4622573078973
23.1878355297422	2.64510644351864	70.5537960592915
3.93441228775714	49.2494535587794	62.9044580423945
-19.3670368311522	16.9123116465781	34.6091557227457
30.2074238038567	36.0673631246598	69.9160324984305
-31.6771980705957	16.2930556555516	58.3179689223592
23.4142724510563	0.240318285518526	44.8106175575988
-22.2261118327217	45.3152638892996	100.794589293946
21.5004113088473	44.5343181576688	56.8417940133902
-19.0638101454819	18.9459092009289	100.238952131592
-2.16302247770877	23.5731080847851	33.6091453845206
-26.9456374107611	7.30398291310033	87.6669770794263
24.0352080297086	44.8634825114798	60.6180309198236
-15.0972615580593	34.3452873509929	88.1131703123698
-28.5430012409898	56.8469926076852	107.041692627972
24.4280724370266	6.81484667991468	78.2732460343628
-20.5899702509485	6.22938337569070	71.8200321229005
8.42390114476246	-5.28876263027694	48.4750551498448
-25.3842280257308	6.21106895634581	78.8361478762792
-7.36140557807201	32.0322055929190	81.4652194016150
40.1837981323924	28.5546534765151	64.4525614698451
-24.0054446519570	13.5143503209745	97.8649340772355
-24.2808538847202	43.6495965737076	102.473742687124
25.2649212655145	29.5595272384427	35.4487062730899
-3.98645467074262	26.4841595667699	81.0095931140429
27.7382133549209	26.8780148004670	33.0873539163154
-26.3433462036056	35.4212116129384	97.4481580950040
-21.7630018619150	40.8403338383556	74.5615523019037
46.1773867618530	11.8439318628446	45.5445931519186
21.0765261610577	2.08584239261060	62.7000039093474
5.30349271484365	1.39439500296149	42.1115916269520
0.789249330351281	20.6970328567821	82.4649896947660
-16.6069877542635	33.4314007675257	45.7484159805709
-8.32559620526524	4.61256863541312	60.6477755075543
28.5619773220670	4.69893529952762	54.2995951219491
-23.0817600235444	30.6468702391108	37.6324186951170
-8.67886426194145	14.9626484168051	80.0520146876051
-2.76567295268030	34.2731195970250	42.2456878790221
10.8592407736089	6.38065343678528	35.8548843526387
-35.0524342483558	7.78732955330832	83.2544952708204
-18.0561162856321	10.2714082912603	50.5228985124399
-33.7721582934434	30.7170149008993	72.2011567442126
-32.5065098726673	15.7782690215017	72.5387467346597
-17.8453685545008	41.1440620747400	58.2946986551535
-13.9898025721766	34.2119106180300	39.7289913036631
22.7627479470376	5.24267737591226	33.8920847786823
23.7181138128294	35.2518750535389	31.6706121521543
-9.25499891139748	34.9318037857863	36.9251524744100
-8.12838319102420	37.8938496258609	100.057939735308
-37.2034565908846	23.6705247646442	76.8167224595057
25.5788897658209	38.7412562958077	35.6833898620854
-25.4006837019601	10.9906478316387	90.6868878255475
-4.61823592847608	44.6047616210006	60.3011857016446
-18.8050309394011	12.0828340975518	75.3484489854524
-13.7056518526623	14.5749542719087	85.3435446576206
-26.3342640967097	36.7846770651851	76.3671565016115
39.8895077667766	28.3359366698680	48.2248989740884
-23.6155256406867	55.9034587702973	101.372009233821
-22.8067356789497	58.1343255700113	93.9831353814782
-30.3471275133918	49.2255879242795	100.954933716310
13.9129526599032	-3.46391994111157	46.0024039763025
-24.2446211397422	50.4316680411108	104.162343527919
-22.6673496721131	42.1217276438770	93.2838266428001
21.2901733890128	0.434214516859676	55.4683559854775
21.9740797488304	0.969665610123585	37.3119396493985
-40.1935139526272	13.6832060779510	76.2522622856442
-5.83361865925190	5.14697827466578	58.8040356270713
24.8002022358714	5.08912908342755	40.2772543920366
-11.3366110933274	34.8379909427360	32.5436196358151
27.5306698055089	36.7270931021480	68.1735944301790
4.12812825639189	42.9609314474636	118.025003106358
-3.38388296448915	40.0704419361141	107.576472735451
16.7280054570068	-2.56214151597331	62.0225629360075
15.9968476663364	10.0433999403816	37.2009334109807
18.8206839338641	38.3300702160236	75.9914027011218
-13.6698876854441	34.8689432082098	108.333267619030
8.08104883525794	50.7216764249284	48.9604861175056
-25.2119897516080	64.7495217257648	111.075129958740
-1.76361716403551	48.4369760517373	58.3948041660696
-27.9745850691299	37.9670896218814	95.3012397500548
-17.9551725480013	15.9922436370135	90.7384167326016
9.13169141179533	2.80335106105074	68.6298608627825
-39.9242838288296	20.7861696728044	84.7831030688103
-24.6007126436379	41.2159639749451	68.0964929237996
35.4795692062045	9.82892384907099	48.5451042753318
9.61753471396764	45.0937307871359	110.792797888308
16.9718303130368	0.773458415301004	40.4301471753436
-26.3891151442949	10.4592588628554	74.0011353470393
-27.2452238693213	12.9500042250887	52.5320213937708
-4.61577621961166	35.3284676747541	97.1716681430879
-21.6443166871073	34.8894473955573	32.7195441967054
-17.8110525085585	11.9608915275336	48.6000560380144
-21.6011566929263	9.26630652109747	83.7363278352011
25.4326367712535	36.0025809613346	75.7918732613599
-34.8804820533863	17.9343421677034	67.2378793942109
19.5288775040151	46.9946596753271	60.3875206251971
-0.654573089604198	35.7695367338881	40.3511150972680
-23.6443751967405	58.3783143692832	94.5799546550452
-15.1085521520126	11.3203758687190	45.8138591221102
-19.9222297480160	51.1417854399203	97.1431884377612
39.2143704940312	27.9026038708684	57.5709225043604
-22.8356539111553	12.9294232468644	88.5765314263537
-18.2158288779473	29.3096630084227	47.7053543944647
-21.0513840119179	54.7506972081796	103.465164996008
18.3672191838616	-2.08346787990704	43.1808551071737
-1.86392747426928	38.9036896463661	33.7950128911979
-3.62089328157191	27.7449207397848	82.8142295302632
-14.0687450497861	11.4764590605648	42.8161394513228
-13.4684062266163	29.9410762164397	83.4525748357913
-13.6357399993438	26.3801690362465	93.6963279119617
-13.2186830352530	27.5046611792768	91.6858035108542
-12.9006658607219	28.8130342752669	88.2621481560753
-34.6083908794958	33.5652845134901	95.6609173030695
-19.3127869236341	38.0758479030008	52.6210414071545
10.3846988387999	48.1834148612125	109.160347342682
16.7731530324410	-1.76473845290371	46.2254448783611
-20.1701097822681	57.3831077201711	100.750901986145
20.7470560908882	41.5222376682908	65.8690934919598
10.4476256791625	-2.90651058875809	57.8001162813051
-16.5537721952091	20.4101552604757	45.4341751786589
-21.8359050181212	61.8500073540307	105.493664295552
32.2999551186777	34.6901930496681	52.6978366745254
26.7764200888291	39.1264055204097	64.0830245944036
34.6016071045612	32.2900228883151	54.6478309642668
19.3864858577041	9.41473612978676	34.2051347679755
28.0624037401529	11.0734983663418	78.1722507593038
25.1129826862187	39.0241309258286	67.8143023004690
34.3924206610022	18.0919231423485	75.3818326564556
-30.6938485527218	12.9867648293836	52.0166238936400
-12.5252108409501	40.9424291432186	56.1649181660229
-15.3874038693960	43.6307974499022	61.4630750224410
-6.52544680802930	32.8883213735275	103.315294524082
-19.9270801598920	17.1322757236450	98.2900171591274
29.2188448877259	13.4866535638112	34.9004329235671
-4.79277499564270	33.9814461136048	40.5115337739392
21.4060939098418	31.9010584668987	79.9928263294000
3.36101801571664	43.9430421162923	110.283474218266
-36.6589134475450	22.3707860326384	85.6884133922021
-18.5474738883462	5.28560603160200	38.2391711914920
44.0816415094667	12.1906550452982	51.9540593526093
-28.1564461000215	32.8567385492877	52.7797923387241