Xreg:
 -2.94012   -26.975  -34.1335 0.0857927 0.0175959 0.0526663

Xregsave:
          0           0           0           0           0           0
   -1.19097    -15.3509    -3.50816   0.0103784  -0.0357484   -0.115968
   -10.1213    -15.3531    -7.37552   -0.020368   0.0666195  -0.0132127
   -11.7285    -16.2846    -14.0134  -0.0223788   0.0988783   0.0378462
    -9.4774    -19.4298    -18.7764  -0.0207291   0.0499347   0.0536809
   -7.26199    -24.4167    -20.1734   0.0270531   0.0365409  0.00816392
   -6.41386     -24.689     -23.282   0.0158818   0.0203139    0.031537
   -3.85939    -26.1599     -25.923   0.0612422  0.00259884   0.0411031
   -5.80859     -27.098    -27.0409   0.0734464   0.0377109   0.0342501
   -5.32132    -26.7855    -29.3021   0.0757701   0.0394351   0.0381431
   -6.26943    -26.5953    -30.1779   0.0867246   0.0562224   0.0479271
   -6.10014    -28.3103    -30.8191   0.0913098   0.0608655   0.0396619
   -5.79717    -28.4656    -31.3328    0.091224    0.055627   0.0344678
   -2.12138    -26.9643    -32.5754    0.103518  0.00732872   0.0568735
   -3.38704    -26.0735    -33.8685    0.100221   0.0206888   0.0730429
   -2.02452    -26.7004    -34.2484    0.102378  0.00743477    0.057477
   -2.67496    -27.3773    -34.1945    0.091388  0.00805441   0.0453874
   -4.71212    -29.2355    -33.8132   0.0901257    0.040795   0.0174074
   -4.08915    -27.8551    -33.9545    0.103395   0.0309804   0.0410098
   -1.38765    -28.1162    -33.9054    0.119478  0.00203985   0.0340283
   -2.09716    -28.1752      -33.74    0.109472   0.0161007   0.0385855
   -2.53668    -28.5973    -33.6504    0.117983   0.0252576   0.0314512
   -1.51904      -26.93    -34.3921    0.115168  0.00938189   0.0498729
   -1.54095    -27.4545     -33.839    0.121286  0.00995622    0.043974
   -2.29117    -28.3109    -33.3053    0.133905   0.0193873   0.0354117
    -1.7845    -28.3404    -33.2846    0.124965  0.00542212   0.0315662
   -1.93253    -28.8291     -33.835     0.10338   0.0052111   0.0262042
   -2.25846    -27.8282    -34.2275    0.100391  0.00303667    0.038895
   -1.80219    -26.1801    -34.2662    0.122957   0.0075817   0.0524647
   -3.37186    -26.4353    -34.0947    0.109546   0.0306926   0.0595471
   -2.63523    -26.9175    -33.9306    0.122745   0.0244541   0.0550798
   -2.39396    -28.0019    -33.7826     0.11672   0.0218652   0.0388525
   -3.74614    -27.9675    -33.7072    0.115209   0.0430152   0.0333547
   -2.86786    -27.1892    -34.3117   0.0817652    0.016807   0.0490241
   -2.25288    -28.0034    -34.1756    0.100239   0.0157074   0.0360656
   -2.07105    -28.3195    -34.2659    0.102987    0.012141   0.0311007
   -2.52096    -27.7708    -34.6028   0.0832166   0.0117406   0.0431676
   -1.79992    -27.1324    -34.3145   0.0965181  0.00306669   0.0480602
    -4.0176    -27.0075    -34.4288   0.0845587   0.0301781   0.0504244
   -1.72821    -27.8651    -34.6675   0.0907186  0.00914718   0.0415519
   -1.41268    -27.8262    -33.9558    0.083054 0.000797507   0.0369212
   -1.61161    -26.0004    -34.1948   0.0905089  0.00141612   0.0654496
   -2.33547    -26.3347    -34.1742    0.108244  0.00884412   0.0586523
   -2.18557      -27.53    -33.7684   0.0634672 -0.00553594   0.0479526
   -3.18006     -27.065    -34.0296   0.0648088   0.0149852   0.0540566
   -2.90917    -28.0176    -33.9327   0.0809554   0.0153922   0.0399537
   -3.36582    -28.6501    -33.4734   0.0985957   0.0244801   0.0276888
   -2.94012     -26.975    -34.1335   0.0857927   0.0175959   0.0526663
          0           0           0           0           0           0
          0           0           0           0           0           0
          0           0           0           0           0           0
          0           0           0           0           0           0
          0           0           0           0           0           0
          0           0           0           0           0           0
          0           0           0           0           0           0
          0           0           0           0           0           0
          0           0           0           0           0           0
          0           0           0           0           0           0
          0           0           0           0           0           0
          0           0           0           0           0           0
          0           0           0           0           0           0
          0           0           0           0           0           0
          0           0           0           0           0           0
          0           0           0           0           0           0
          0           0           0           0           0           0
          0           0           0           0           0           0
          0           0           0           0           0           0
          0           0           0           0           0           0
          0           0           0           0           0           0
          0           0           0           0           0           0
          0           0           0           0           0           0
          0           0           0           0           0           0
          0           0           0           0           0           0
          0           0           0           0           0           0
          0           0           0           0           0           0
          0           0           0           0           0           0
          0           0           0           0           0           0
          0           0           0           0           0           0
          0           0           0           0           0           0
          0           0           0           0           0           0
          0           0           0           0           0           0
          0           0           0           0           0           0
          0           0           0           0           0           0
          0           0           0           0           0           0
          0           0           0           0           0           0
          0           0           0           0           0           0
          0           0           0           0           0           0
          0           0           0           0           0           0
          0           0           0           0           0           0
          0           0           0           0           0           0
          0           0           0           0           0           0
          0           0           0           0           0           0
          0           0           0           0           0           0
          0           0           0           0           0           0
          0           0           0           0           0           0
          0           0           0           0           0           0
          0           0           0           0           0           0
          0           0           0           0           0           0
          0           0           0           0           0           0
          0           0           0           0           0           0
          0           0           0           0           0           0

Average registration runtime is: 0.003 seconds.
Average Registration error:1.99118
